3809.863	0.0261
3810.863	0.09566
3811.863	0.21326
3812.863	0.35611
3813.863	0.4859
3814.863	0.56468
3815.863	0.5555
3816.863	0.42996
3817.863	0.22132
3818.863	-0.00828
3819.863	-0.19776
3820.863	-0.2872
3821.863	-0.22695
3822.863	-0.03935
3823.863	0.2206
3824.863	0.49861
3825.863	0.74137
3826.863	0.90284
3827.863	0.9836
3828.863	1.00448
3829.863	0.986
3830.863	0.94833
3831.863	0.90913
3832.863	0.87084
3833.863	0.82964
3834.863	0.78172
3835.863	0.72325
3836.863	0.65209
3837.863	0.5743
3838.863	0.49936
3839.863	0.43661
3840.863	0.39523
3841.863	0.38283
3842.863	0.39819
3843.863	0.43677
3844.863	0.49408
3845.863	0.56574
3846.863	0.64638
3847.863	0.72473
3848.863	0.78748
3849.863	0.82153
3850.863	0.81398
3851.863	0.75708
3852.863	0.67072
3853.863	0.58432
3854.863	0.52657
3855.863	0.52582
3856.863	0.60172
3857.863	0.73015
3858.863	0.87314
3859.863	0.99315
3860.863	1.05305
3861.863	1.02533
3862.863	0.92907
3863.863	0.79763
3864.863	0.66402
3865.863	0.56092
3866.863	0.51315
3867.863	0.5099
3868.863	0.52994
3869.863	0.5525
3870.863	0.55682
3871.863	0.52787
3872.863	0.47521
3873.863	0.41512
3874.863	0.36373
3875.863	0.33697
3876.863	0.34681
3877.863	0.38872
3878.863	0.45389
3879.863	0.53362
3880.863	0.61926
3881.863	0.70309
3882.863	0.78063
3883.863	0.84829
3884.863	0.90251
3885.863	0.93963
3886.863	0.9574
3887.863	0.95696
3888.863	0.94044
3889.863	0.90996
3890.863	0.86761
3891.863	0.81646
3892.863	0.76316
3893.863	0.7151
3894.863	0.67963
3895.863	0.66401
3896.863	0.67247
3897.863	0.69905
3898.863	0.73563
3899.863	0.77416
3900.863	0.80669
3901.863	0.82707
3902.863	0.83565
3903.863	0.83372
3904.863	0.82264
3905.863	0.80377
3906.863	0.77861
3907.863	0.74911
3908.863	0.71729
3909.863	0.68516
3910.863	0.6547
3911.863	0.62697
3912.863	0.60029
3913.863	0.57251
3914.863	0.54149
3915.863	0.50511
3916.863	0.463
3917.863	0.41953
3918.863	0.38005
3919.863	0.3497
3920.863	0.33361
3921.863	0.33419
3922.863	0.34663
3923.863	0.36498
3924.863	0.38333
3925.863	0.39585
3926.863	0.40125
3927.863	0.40983
3928.863	0.43356
3929.863	0.48435
3930.863	0.57394
3931.863	0.70507
3932.863	0.85878
3933.863	1.01304
3934.863	1.14586
3935.863	1.23593
3936.863	1.27147
3937.863	янв.35
3938.863	1.22612
3939.863	1.17333
3940.863	1.11898
3941.863	1.07225
3942.863	1.03227
3943.863	0.99687
3944.863	0.96387
3945.863	0.93113
3946.863	0.89752
3947.863	0.86408
3948.863	0.83208
3949.863	0.80279
3950.863	0.77735
3951.863	0.75644
3952.863	0.7388
3953.863	0.72314
3954.863	0.70816
3955.863	0.6926
3956.863	0.67692
3957.863	0.66492
3958.863	0.6607
3959.863	0.66835
3960.863	0.6919
3961.863	0.7339
3962.863	0.79422
3963.863	0.87243
3964.863	0.96814
3965.863	1.08086
3966.863	1.20452
3967.863	1.32319
3968.863	янв.06
3969.863	1.48009
3970.863	1.48551
3971.863	1.43453
3972.863	1.34749
3973.863	1.24677
3974.863	1.15452
3975.863	1.09255
3976.863	1.06909
3977.863	1.0711
3978.863	1.08382
3979.863	1.09255
3980.863	1.08288
3981.863	1.04931
3982.863	0.99966
3983.863	0.94264
3984.863	0.88732
3985.863	0.84217
3986.863	0.81098
3987.863	0.79054
3988.863	0.77716
3989.863	0.76717
3990.863	0.75699
3991.863	0.74576
3992.863	0.73635
3993.863	0.73187
3994.863	0.73544
3995.863	0.74961
3996.863	0.77278
3997.863	0.79617
3998.863	0.81093
3999.863	0.80817
4000.863	0.77949
4001.863	0.72652
4002.863	0.66405
4003.863	0.60752
4004.863	0.57201
4005.863	0.57223
4006.863	0.60761
4007.863	0.65955
4008.863	0.70836
4009.863	0.73475
4010.863	0.72024
4011.863	0.66403
4012.863	0.58598
4013.863	0.50685
4014.863	0.44702
4015.863	0.42636
4016.863	0.4488
4017.863	0.50106
4018.863	0.56888
4019.863	0.63829
4020.863	0.69577
4021.863	0.73554
4022.863	0.76038
4023.863	0.77336
4024.863	0.7776
4025.863	0.77595
4026.863	0.77225
4027.863	0.77102
4028.863	0.77645
4029.863	0.79304
4030.863	0.82486
4031.863	0.87025
4032.863	0.92163
4033.863	0.97136
4034.863	1.01219
4035.863	1.0371
4036.863	1.04338
4037.863	1.03313
4038.863	1.00806
4039.863	0.97028
4040.863	0.92204
4041.863	0.86862
4042.863	0.81871
4043.863	0.78059
4044.863	0.7628
4045.863	0.77317
4046.863	0.80845
4047.863	0.85686
4048.863	0.90604
4049.863	0.94403
4050.863	0.95958
4051.863	0.95059
4052.863	0.92285
4053.863	0.88231
4054.863	0.83453
4055.863	0.7853
4056.863	0.73737
4057.863	0.69183
4058.863	0.64971
4059.863	0.61175
4060.863	0.5789
4061.863	0.54985
4062.863	0.52216
4063.863	0.49335
4064.863	0.46078
4065.863	0.42242
4066.863	0.38161
4067.863	0.3452
4068.863	0.3203
4069.863	0.31374
4070.863	0.3316
4071.863	0.36942
4072.863	0.41571
4073.863	0.45914
4074.863	0.48824
4075.863	0.49298
4076.863	0.477
4077.863	0.45229
4078.863	0.43112
4079.863	0.42546
4080.863	0.44604
4081.863	0.48937
4082.863	0.54334
4083.863	0.59596
4084.863	0.63536
4085.863	0.65057
4086.863	0.64165
4087.863	0.61446
4088.863	0.57515
4089.863	0.5298
4090.863	0.48403
4091.863	0.44173
4092.863	0.40545
4093.863	0.37789
4094.863	0.36172
4095.863	0.35898
4096.863	0.36795
4097.863	0.38482
4098.863	0.40568
4099.863	0.42682
4100.863	0.44466
4101.863	0.45824
4102.863	0.46784
4103.863	0.47356
4104.863	0.47576
4105.863	0.47438
4106.863	0.46836
4107.863	0.45608
4108.863	0.43576
4109.863	0.40583
4110.863	0.36526
4111.863	0.31845
4112.863	0.27211
4113.863	0.23285
4114.863	0.20733
4115.863	0.20143
4116.863	0.21579
4117.863	0.24894
4118.863	0.29932
4119.863	0.36543
4120.863	0.44498
4121.863	0.52967
4122.863	0.60913
4123.863	0.67277
4124.863	0.71028
4125.863	0.71364
4126.863	0.68856
4127.863	0.64651
4128.863	0.59856
4129.863	0.55595
4130.863	0.52817
4131.863	0.51435
4132.863	0.51011
4133.863	0.51109
4134.863	0.51275
4135.863	0.51144
4136.863	0.50657
4137.863	0.49894
4138.863	0.48933
4139.863	0.47833
4140.863	0.46685
4141.863	0.45604
4142.863	0.44734
4143.863	0.44221
4144.863	0.4419
4145.863	0.44755
4146.863	0.45873
4147.863	0.47434
4148.863	0.49355
4149.863	0.51528
4150.863	0.5382
4151.863	0.55892
4152.863	0.57326
4153.863	0.57729
4154.863	0.56685
4155.863	0.53981
4156.863	0.50219
4157.863	0.46219
4158.863	0.4282
4159.863	0.40832
4160.863	0.40842
4161.863	0.42414
4162.863	0.44817
4163.863	0.47333
4164.863	0.49259
4165.863	0.5005
4166.863	0.49922
4167.863	0.49263
4168.863	0.48464
4169.863	0.47929
4170.863	0.47953
4171.863	0.48516
4172.863	0.49488
4173.863	0.50767
4174.863	0.52231
4175.863	0.53667
4176.863	0.54535
4177.863	0.54189
4178.863	0.52015
4179.863	0.4738
4180.863	0.40102
4181.863	0.31591
4182.863	0.23585
4183.863	0.17825
4184.863	0.16037
4185.863	0.19268
4186.863	0.26303
4187.863	0.3545
4188.863	0.45037
4189.863	0.53382
4190.863	0.592
4191.863	0.62369
4192.863	0.62999
4193.863	0.61224
4194.863	0.57146
4195.863	0.51228
4196.863	0.44906
4197.863	0.39805
4198.863	0.37558
4199.863	0.39769
4200.863	0.47141
4201.863	0.57731
4202.863	0.69126
4203.863	0.78952
4204.863	0.84809
4205.863	0.85276
4206.863	0.81447
4207.863	0.74884
4208.863	0.67112
4209.863	0.5965
4210.863	0.53585
4211.863	0.48787
4212.863	0.44966
4213.863	0.41803
4214.863	0.39016
4215.863	0.36508
4216.863	0.34707
4217.863	0.34119
4218.863	0.35244
4219.863	0.38581
4220.863	0.44206
4221.863	0.5119
4222.863	0.58486
4223.863	0.65033
4224.863	0.69782
4225.863	0.72233
4226.863	0.73101
4227.863	0.73264
4228.863	0.73587
4229.863	0.74958
4230.863	0.78056
4231.863	0.83185
4232.863	0.90599
4233.863	1.00552
4234.863	1.1329
4235.863	1.28261
4236.863	1.43274
4237.863	1.56004
4238.863	1.64082
4239.863	1.65183
4240.863	1.58572
4241.863	1.46593
4242.863	1.31933
4243.863	1.17265
4244.863	1.05227
4245.863	0.97195
4246.863	0.92104
4247.863	0.88654
4248.863	0.85547
4249.863	0.81502
4250.863	0.75931
4251.863	0.69472
4252.863	0.62876
4253.863	0.56915
4254.863	0.52327
4255.863	0.49502
4256.863	0.48233
4257.863	0.48256
4258.863	0.49307
4259.863	0.51127
4260.863	0.53428
4261.863	0.5591
4262.863	0.58253
4263.863	0.60141
4264.863	0.61264
4265.863	0.61519
4266.863	0.61126
4267.863	0.60329
4268.863	0.59366
4269.863	0.58497
4270.863	0.57884
4271.863	0.57588
4272.863	0.57665
4273.863	0.58167
4274.863	0.59144
4275.863	0.60444
4276.863	0.6167
4277.863	0.62383
4278.863	0.62153
4279.863	0.60566
4280.863	0.57853
4281.863	0.55101
4282.863	0.53451
4283.863	0.54036
4284.863	0.57969
4285.863	0.6505
4286.863	0.73436
4287.863	0.81188
4288.863	0.86369
4289.863	0.87107
4290.863	0.83373
4291.863	0.77376
4292.863	0.71483
4293.863	0.6802
4294.863	0.69254
4295.863	0.7546
4296.863	0.84607
4297.863	0.9454
4298.863	1.0311
4299.863	1.08215
4300.863	1.09264
4301.863	1.07258
4302.863	1.03295
4303.863	0.98466
4304.863	0.93847
4305.863	0.90147
4306.863	0.87688
4307.863	0.86762
4308.863	0.87693
4309.863	0.90728
4310.863	0.95106
4311.863	0.99034
4312.863	1.00679
4313.863	0.98214
4314.863	0.89916
4315.863	0.76475
4316.863	0.60842
4317.863	0.46065
4318.863	0.35182
4319.863	0.31093
4320.863	0.34107
4321.863	0.42138
4322.863	0.53009
4323.863	0.64568
4324.863	0.74711
4325.863	0.82431
4326.863	0.87682
4327.863	0.90454
4328.863	0.90735
4329.863	0.88544
4330.863	0.84397
4331.863	0.79276
4332.863	0.74136
4333.863	0.69943
4334.863	0.67612
4335.863	0.67286
4336.863	0.68487
4337.863	0.70721
4338.863	0.73487
4339.863	0.76329
4340.863	0.79021
4341.863	0.8154
4342.863	0.83872
4343.863	0.86
4344.863	0.87898
4345.863	0.89391
4346.863	0.90182
4347.863	0.90008
4348.863	0.88572
4349.863	0.85613
4350.863	0.81174
4351.863	0.75511
4352.863	0.68885
4353.863	0.61547
4354.863	0.53799
4355.863	0.46212
4356.863	0.39567
4357.863	0.34645
4358.863	0.32227
4359.863	0.33007
4360.863	0.36734
4361.863	0.42548
4362.863	0.49595
4363.863	0.57011
4364.863	0.63971
4365.863	0.70027
4366.863	0.7496
4367.863	0.78556
4368.863	0.80599
4369.863	0.80898
4370.863	0.79599
4371.863	0.77004
4372.863	0.73421
4373.863	0.69162
4374.863	0.64571
4375.863	0.60366
4376.863	0.57464
4377.863	0.56777
4378.863	0.59236
4379.863	0.65551
4380.863	0.74698
4381.863	0.84726
4382.863	0.93682
4383.863	0.99621
4384.863	1.0087
4385.863	0.98051
4386.863	0.9299
4387.863	0.87477
4388.863	0.83307
4389.863	0.82061
4390.863	0.83602
4391.863	0.86968
4392.863	0.91182
4393.863	0.95305
4394.863	0.98453
4395.863	1.00405
4396.863	1.01236
4397.863	1.01028
4398.863	0.99859
4399.863	0.9784
4400.863	0.95303
4401.863	0.92721
4402.863	0.90525
4403.863	0.89159
4404.863	0.88984
4405.863	0.89802
4406.863	0.91183
4407.863	0.92699
4408.863	0.93909
4409.863	0.94447
4410.863	0.94149
4411.863	0.92956
4412.863	0.9081
4413.863	0.87651
4414.863	0.83457
4415.863	0.78416
4416.863	0.72783
4417.863	0.66847
4418.863	0.60862
4419.863	0.551
4420.863	0.49874
4421.863	0.45508
4422.863	0.42326
4423.863	0.40651
4424.863	0.40707
4425.863	0.42221
4426.863	0.44731
4427.863	0.47782
4428.863	0.50917
4429.863	0.53738
4430.863	0.56129
4431.863	0.58066
4432.863	0.59517
4433.863	0.60473
4434.863	0.60938
4435.863	0.6109
4436.863	0.61158
4437.863	0.61374
4438.863	0.61965
4439.863	0.6312
4440.863	0.64894
4441.863	0.67271
4442.863	0.70246
4443.863	0.73811
4444.863	0.77862
4445.863	0.81863
4446.863	0.85159
4447.863	0.87083
4448.863	0.87007
4449.863	0.84576
4450.863	0.80736
4451.863	0.76773
4452.863	0.73972
4453.863	0.7361
4454.863	0.7655
4455.863	0.8198
4456.863	0.88705
4457.863	0.95505
4458.863	1.01171
4459.863	1.04684
4460.863	1.0574
4461.863	1.04202
4462.863	0.99936
4463.863	0.92794
4464.863	0.8301
4465.863	0.72019
4466.863	0.61546
4467.863	0.53311
4468.863	0.49028
4469.863	0.49705
4470.863	0.53935
4471.863	0.5979
4472.863	0.6537
4473.863	0.68759
4474.863	0.68711
4475.863	0.66116
4476.863	0.62324
4477.863	0.58654
4478.863	0.56429
4479.863	0.56527
4480.863	0.58434
4481.863	0.61399
4482.863	0.64648
4483.863	0.67418
4484.863	0.69122
4485.863	0.6975
4486.863	0.69362
4487.863	0.68027
4488.863	0.65805
4489.863	0.62886
4490.863	0.5972
4491.863	0.56806
4492.863	0.54665
4493.863	0.53788
4494.863	0.54407
4495.863	0.55987
4496.863	0.57866
4497.863	0.5941
4498.863	0.59962
4499.863	0.59108
4500.863	0.57008
4501.863	0.53936
4502.863	0.50142
4503.863	0.45883
4504.863	0.41487
4505.863	0.37481
4506.863	0.34402
4507.863	0.32789
4508.863	0.33174
4509.863	0.35651
4510.863	0.39265
4511.863	0.4292
4512.863	0.45539
4513.863	0.46035
4514.863	0.44041
4515.863	0.40732
4516.863	0.37503
4517.863	0.35727
4518.863	0.36774
4519.863	0.41179
4520.863	0.4778
4521.863	0.55187
4522.863	0.62021
4523.863	0.66902
4524.863	0.69174
4525.863	0.69531
4526.863	0.68824
4527.863	0.67931
4528.863	0.67696
4529.863	0.686
4530.863	0.70417
4531.863	0.72873
4532.863	0.75667
4533.863	0.78507
4534.863	0.8109
4535.863	0.83139
4536.863	0.84349
4537.863	0.84411
4538.863	0.83058
4539.863	0.80327
4540.863	0.76842
4541.863	0.73275
4542.863	0.70326
4543.863	0.68654
4544.863	0.68448
4545.863	0.69102
4546.863	0.69963
4547.863	0.70357
4548.863	0.69624
4549.863	0.67637
4550.863	0.65129
4551.863	0.62877
4552.863	0.61658
4553.863	0.62259
4554.863	0.64781
4555.863	0.68355
4556.863	0.72021
4557.863	0.74854
4558.863	0.75914
4559.863	0.74986
4560.863	0.72849
4561.863	0.7039
4562.863	0.68463
4563.863	0.67915
4564.863	0.68943
4565.863	0.70902
4566.863	0.73058
4567.863	0.74682
4568.863	0.75086
4569.863	0.7406
4570.863	0.72062
4571.863	0.69579
4572.863	0.67129
4573.863	0.65189
4574.863	0.6393
4575.863	0.63128
4576.863	0.62556
4577.863	0.61967
4578.863	0.61127
4579.863	0.60013
4580.863	0.58882
4581.863	0.57985
4582.863	0.57568
4583.863	0.57893
4584.863	0.58917
4585.863	0.60287
4586.863	0.61624
4587.863	0.62578
4588.863	0.62785
4589.863	0.62236
4590.863	0.61284
4591.863	0.60328
4592.863	0.59736
4593.863	0.59876
4594.863	0.60831
4595.863	0.62428
4596.863	0.64455
4597.863	0.66699
4598.863	0.68982
4599.863	0.71231
4600.863	0.73508
4601.863	0.75874
4602.863	0.78418
4603.863	0.81187
4604.863	0.83969
4605.863	0.86291
4606.863	0.87704
4607.863	0.87728
4608.863	0.85921
4609.863	0.82372
4610.863	0.77692
4611.863	0.72474
4612.863	0.67311
4613.863	0.62809
4614.863	0.5931
4615.863	0.56963
4616.863	0.55903
4617.863	0.56286
4618.863	0.58214
4619.863	0.61278
4620.863	0.64632
4621.863	0.67447
4622.863	0.68871
4623.863	0.68109
4624.863	0.65292
4625.863	0.61226
4626.863	0.56746
4627.863	0.52673
4628.863	0.49816
4629.863	0.48407
4630.863	0.48271
4631.863	0.49219
4632.863	0.51082
4633.863	0.53671
4634.863	0.56821
4635.863	0.60367
4636.863	0.6417
4637.863	0.68066
4638.863	0.71888
4639.863	0.75446
4640.863	0.7849
4641.863	0.8078
4642.863	0.82062
4643.863	0.82156
4644.863	0.81298
4645.863	0.80025
4646.863	0.78868
4647.863	0.78389
4648.863	0.79053
4649.863	0.80634
4650.863	0.82454
4651.863	0.83865
4652.863	0.84188
4653.863	0.82822
4654.863	0.80045
4655.863	0.76598
4656.863	0.73238
4657.863	0.70713
4658.863	0.69729
4659.863	0.703
4660.863	0.72073
4661.863	0.74682
4662.863	0.77792
4663.863	0.8104
4664.863	0.84095
4665.863	0.86621
4666.863	0.88321
4667.863	0.88863
4668.863	0.87959
4669.863	0.85752
4670.863	0.8255
4671.863	0.78674
4672.863	0.74434
4673.863	0.70181
4674.863	0.66332
4675.863	0.63356
4676.863	0.61716
4677.863	0.61897
4678.863	0.64248
4679.863	0.68246
4680.863	0.72949
4681.863	0.77443
4682.863	0.8079
4683.863	0.82187
4684.863	0.81892
4685.863	0.80584
4686.863	0.78954
4687.863	0.77682
4688.863	0.77379
4689.863	0.77941
4690.863	0.78984
4691.863	0.80115
4692.863	0.80971
4693.863	0.81224
4694.863	0.80976
4695.863	0.8049
4696.863	0.80059
4697.863	0.79946
4698.863	0.80364
4699.863	0.81268
4700.863	0.82465
4701.863	0.83777
4702.863	0.85011
4703.863	0.86003
4704.863	0.86495
4705.863	0.86223
4706.863	0.8491
4707.863	0.82317
4708.863	0.78287
4709.863	0.73336
4710.863	0.68244
4711.863	0.63755
4712.863	0.60626
4713.863	0.59453
4714.863	0.6007
4715.863	0.62028
4716.863	0.64885
4717.863	0.68191
4718.863	0.71543
4719.863	0.74595
4720.863	0.7704
4721.863	0.78558
4722.863	0.78867
4723.863	0.77798
4724.863	0.75901
4725.863	0.73973
4726.863	0.72774
4727.863	0.73075
4728.863	0.7536
4729.863	0.78894
4730.863	0.82557
4731.863	0.85244
4732.863	0.85839
4733.863	0.83625
4734.863	0.79398
4735.863	0.74381
4736.863	0.69787
4737.863	0.66854
4738.863	0.66427
4739.863	0.67877
4740.863	0.70227
4741.863	0.72475
4742.863	0.7363
4743.863	0.73004
4744.863	0.71154
4745.863	0.68898
4746.863	0.67064
4747.863	0.66466
4748.863	0.67642
4749.863	0.69974
4750.863	0.72599
4751.863	0.74645
4752.863	0.7527
4753.863	0.73955
4754.863	0.71393
4755.863	0.68573
4756.863	0.6645
4757.863	0.65988
4758.863	0.67764
4759.863	0.71129
4760.863	0.75151
4761.863	0.7891
4762.863	0.81475
4763.863	0.82237
4764.863	0.81452
4765.863	0.79564
4766.863	0.77008
4767.863	0.74246
4768.863	0.7158
4769.863	0.68933
4770.863	0.66181
4771.863	0.63173
4772.863	0.5977
4773.863	0.56053
4774.863	0.52785
4775.863	0.50817
4776.863	0.51009
4777.863	0.54208
4778.863	0.60714
4779.863	0.69265
4780.863	0.78351
4781.863	0.86454
4782.863	0.92093
4783.863	0.94344
4784.863	0.93793
4785.863	0.913
4786.863	0.87685
4787.863	0.8378
4788.863	0.80132
4789.863	0.7666
4790.863	0.7315
4791.863	0.69398
4792.863	0.65195
4793.863	0.60603
4794.863	0.56231
4795.863	0.5277
4796.863	0.50933
4797.863	0.51406
4798.863	0.54492
4799.863	0.59627
4800.863	0.66155
4801.863	0.73398
4802.863	0.80688
4803.863	0.87432
4804.863	0.93251
4805.863	0.97758
4806.863	1.00574
4807.863	1.01313
4808.863	0.99965
4809.863	0.97148
4810.863	0.93565
4811.863	0.89954
4812.863	0.87009
4813.863	0.85099
4814.863	0.83933
4815.863	0.83182
4816.863	0.82481
4817.863	0.81483
4818.863	0.80008
4819.863	0.78248
4820.863	0.76393
4821.863	0.74646
4822.863	0.73197
4823.863	0.72177
4824.863	0.71527
4825.863	0.71173
4826.863	0.71071
4827.863	0.71147
4828.863	0.71414
4829.863	0.71999
4830.863	0.73072
4831.863	0.74769
4832.863	0.77237
4833.863	0.80398
4834.863	0.83873
4835.863	0.8722
4836.863	0.90011
4837.863	0.91809
4838.863	0.925
4839.863	0.92362
4840.863	0.91707
4841.863	0.90887
4842.863	0.90209
4843.863	0.89822
4844.863	0.89612
4845.863	0.89484
4846.863	0.89307
4847.863	0.88963
4848.863	0.88462
4849.863	0.88039
4850.863	0.87909
4851.863	0.88294
4852.863	0.89402
4853.863	0.91291
4854.863	0.93739
4855.863	0.96502
4856.863	0.99383
4857.863	1.02137
4858.863	1.04417
4859.863	1.05717
4860.863	1.05564
4861.863	1.03442
4862.863	0.98875
4863.863	0.9211
4864.863	0.84323
4865.863	0.767
4866.863	0.70427
4867.863	0.6669
4868.863	0.65793
4869.863	0.6707
4870.863	0.69793
4871.863	0.73263
4872.863	0.7676
4873.863	0.79668
4874.863	0.81468
4875.863	0.81681
4876.863	0.79796
4877.863	0.75349
4878.863	0.68798
4879.863	0.61608
4880.863	0.55254
4881.863	0.51214
4882.863	0.50924
4883.863	0.5445
4884.863	0.60513
4885.863	0.67766
4886.863	0.74893
4887.863	0.80587
4888.863	0.84263
4889.863	0.86008
4890.863	0.85975
4891.863	0.84277
4892.863	0.81056
4893.863	0.76729
4894.863	0.72012
4895.863	0.67597
4896.863	0.64175
4897.863	0.62434
4898.863	0.62532
4899.863	0.64189
4900.863	0.67106
4901.863	0.71008
4902.863	0.7559
4903.863	0.80454
4904.863	0.85101
4905.863	0.8907
4906.863	0.91864
4907.863	0.93027
4908.863	0.92527
4909.863	0.90721
4910.863	0.87939
4911.863	0.84506
4912.863	0.80785
4913.863	0.77051
4914.863	0.73555
4915.863	0.70537
4916.863	0.68266
4917.863	0.6697
4918.863	0.66728
4919.863	0.67494
4920.863	0.69247
4921.863	0.7194
4922.863	0.75505
4923.863	0.79514
4924.863	0.83325
4925.863	0.86261
4926.863	0.87643
4927.863	0.86911
4928.863	0.84418
4929.863	0.81163
4930.863	0.78143
4931.863	0.76385
4932.863	0.76791
4933.863	0.79248
4934.863	0.82978
4935.863	0.8723
4936.863	0.91222
4937.863	0.94237
4938.863	0.96119
4939.863	0.97097
4940.863	0.97367
4941.863	0.97122
4942.863	0.96591
4943.863	0.95901
4944.863	0.95162
4945.863	0.94465
4946.863	0.93946
4947.863	0.93677
4948.863	0.93543
4949.863	0.93311
4950.863	0.92784
4951.863	0.91727
4952.863	0.89945
4953.863	0.87663
4954.863	0.85257
4955.863	0.83121
4956.863	0.81636
4957.863	0.81161
4958.863	0.81562
4959.863	0.82488
4960.863	0.83573
4961.863	0.8449
4962.863	0.84924
4963.863	0.84959
4964.863	0.84849
4965.863	0.84887
4966.863	0.85328
4967.863	0.86381
4968.863	0.87938
4969.863	0.89698
4970.863	0.91369
4971.863	0.92647
4972.863	0.93315
4973.863	0.93433
4974.863	0.93211
4975.863	0.92846
4976.863	0.92577
4977.863	0.92563
4978.863	0.92738
4979.863	0.92922
4980.863	0.92978
4981.863	0.92726
4982.863	0.92015
4983.863	0.90897
4984.863	0.89454
4985.863	0.87776
4986.863	0.85945
4987.863	0.84094
4988.863	0.82417
4989.863	0.81158
4990.863	0.8055
4991.863	0.80857
4992.863	0.82249
4993.863	0.84558
4994.863	0.87477
4995.863	0.9074
4996.863	0.94041
4997.863	0.97072
4998.863	0.99543
4999.863	1.01118
5000.863	1.01475
5001.863	1.00276
5002.863	0.9738
5003.863	0.9337
5004.863	0.89093
5005.863	0.85379
5006.863	0.83093
5007.863	0.82858
5008.863	0.84311
5009.863	0.86771
5010.863	0.89599
5011.863	0.92117
5012.863	0.93744
5013.863	0.94374
5014.863	0.93988
5015.863	0.92579
5016.863	0.90128
5017.863	0.86772
5018.863	0.83119
5019.863	0.79933
5020.863	0.7796
5021.863	0.77984
5022.863	0.80457
5023.863	0.8462
5024.863	0.89388
5025.863	0.93714
5026.863	0.96517
5027.863	0.97023
5028.863	0.95717
5029.863	0.93341
5030.863	0.90649
5031.863	0.88381
5032.863	0.87147
5033.863	0.86893
5034.863	0.87431
5035.863	0.88559
5036.863	0.90115
5037.863	0.91895
5038.863	0.9368
5039.863	0.95287
5040.863	0.96494
5041.863	0.97093
5042.863	0.96948
5043.863	0.96255
5044.863	0.95231
5045.863	0.94104
5046.863	0.9309
5047.863	0.92399
5048.863	0.92057
5049.863	0.92074
5050.863	0.92446
5051.863	0.93208
5052.863	0.94294
5053.863	0.95437
5054.863	0.96379
5055.863	0.9682
5056.863	0.96477
5057.863	0.95188
5058.863	0.9324
5059.863	0.90944
5060.863	0.88628
5061.863	0.86604
5062.863	0.85139
5063.863	0.84226
5064.863	0.83831
5065.863	0.8391
5066.863	0.84454
5067.863	0.85434
5068.863	0.86877
5069.863	0.88814
5070.863	0.91278
5071.863	0.94289
5072.863	0.97747
5073.863	1.01122
5074.863	1.03838
5075.863	1.05318
5076.863	1.04991
5077.863	1.02695
5078.863	0.9932
5079.863	0.95858
5080.863	0.93311
5081.863	0.92675
5082.863	0.94397
5083.863	0.97659
5084.863	1.01516
5085.863	1.04987
5086.863	1.07106
5087.863	1.07378
5088.863	1.06298
5089.863	1.0454
5090.863	1.02725
5091.863	1.01489
5092.863	1.01141
5093.863	1.01321
5094.863	1.0157
5095.863	1.0148
5096.863	1.00596
5097.863	0.98775
5098.863	0.96445
5099.863	0.94084
5100.863	0.92211
5101.863	0.91301
5102.863	0.91539
5103.863	0.92551
5104.863	0.93903
5105.863	0.95149
5106.863	0.95887
5107.863	0.95885
5108.863	0.95298
5109.863	0.94322
5110.863	0.93136
5111.863	0.91961
5112.863	0.90975
5113.863	0.90365
5114.863	0.90317
5115.863	0.91004
5116.863	0.92635
5117.863	0.95148
5118.863	0.98126
5119.863	1.01118
5120.863	1.03659
5121.863	1.05335
5122.863	1.05998
5123.863	1.0599
5124.863	1.05692
5125.863	1.05471
5126.863	1.05734
5127.863	1.06598
5128.863	1.07845
5129.863	1.09228
5130.863	1.10482
5131.863	1.11397
5132.863	1.11852
5133.863	1.11933
5134.863	1.11741
5135.863	1.1136
5136.863	1.10923
5137.863	1.10448
5138.863	1.0988
5139.863	1.09163
5140.863	1.0822
5141.863	1.07027
5142.863	1.05505
5143.863	1.03586
5144.863	1.01189
5145.863	0.98275
5146.863	0.9477
5147.863	0.90845
5148.863	0.86959
5149.863	0.83573
5150.863	0.81185
5151.863	0.80241
5152.863	0.80808
5153.863	0.8248
5154.863	0.84862
5155.863	0.87524
5156.863	0.90058
5157.863	0.9228
5158.863	0.94242
5159.863	0.96053
5160.863	0.9778
5161.863	0.99495
5162.863	1.01099
5163.863	1.02367
5164.863	1.03024
5165.863	1.02808
5166.863	1.01479
5167.863	0.99237
5168.863	0.96799
5169.863	0.94853
5170.863	0.94101
5171.863	0.95192
5172.863	0.97957
5173.863	1.01351
5174.863	1.04308
5175.863	1.05752
5176.863	1.04713
5177.863	1.01331
5178.863	0.96844
5179.863	0.92514
5180.863	0.89641
5181.863	0.89416
5182.863	0.91826
5183.863	0.95778
5184.863	1.00124
5185.863	1.03766
5186.863	1.05622
5187.863	1.05598
5188.863	1.04417
5189.863	1.02876
5190.863	1.01719
5191.863	1.01662
5192.863	1.02671
5193.863	1.04165
5194.863	1.05499
5195.863	1.06046
5196.863	1.05209
5197.863	1.03119
5198.863	1.00388
5199.863	0.97656
5200.863	0.95547
5201.863	0.94686
5202.863	0.95089
5203.863	0.96368
5204.863	0.98111
5205.863	0.99949
5206.863	1.01492
5207.863	1.02623
5208.863	1.03392
5209.863	1.03899
5210.863	1.04199
5211.863	1.04365
5212.863	1.04495
5213.863	1.04764
5214.863	1.053
5215.863	1.06247
5216.863	1.07705
5217.863	1.09525
5218.863	1.11316
5219.863	1.12701
5220.863	1.13288
5221.863	1.12768
5222.863	1.11155
5223.863	1.08705
5224.863	1.05665
5225.863	1.02325
5226.863	0.98933
5227.863	0.95787
5228.863	0.93252
5229.863	0.91651
5230.863	0.91321
5231.863	0.92524
5232.863	0.94984
5233.863	0.98061
5234.863	1.01125
5235.863	1.03531
5236.863	1.04747
5237.863	1.04765
5238.863	1.03899
5239.863	1.0245
5240.863	1.00766
5241.863	0.99132
5242.863	0.97714
5243.863	0.9666
5244.863	0.9607
5245.863	0.96061
5246.863	0.96711
5247.863	0.97956
5248.863	0.99599
5249.863	1.01459
5250.863	1.03338
5251.863	1.05097
5252.863	1.06641
5253.863	1.0791
5254.863	1.08897
5255.863	1.09545
5256.863	1.09816
5257.863	1.09672
5258.863	1.09134
5259.863	1.08173
5260.863	1.06777
5261.863	1.04954
5262.863	1.03008
5263.863	1.01297
5264.863	1.00183
5265.863	1.00069
5266.863	1.0124
5267.863	1.03511
5268.863	1.06487
5269.863	1.09824
5270.863	1.13128
5271.863	1.16033
5272.863	1.18216
5273.863	1.19431
5274.863	янв.38
5275.863	1.17765
5276.863	1.14459
5277.863	1.09963
5278.863	1.05038
5279.863	1.00432
5280.863	0.96938
5281.863	0.95119
5282.863	0.94559
5283.863	0.94545
5284.863	0.94322
5285.863	0.93153
5286.863	0.90483
5287.863	0.8684
5288.863	0.83045
5289.863	0.79923
5290.863	0.78332
5291.863	0.78903
5292.863	0.81336
5293.863	0.85025
5294.863	0.89402
5295.863	0.93865
5296.863	0.97892
5297.863	1.01274
5298.863	1.03942
5299.863	1.05784
5300.863	1.06685
5301.863	1.06642
5302.863	1.0588
5303.863	1.04717
5304.863	1.03455
5305.863	1.02443
5306.863	1.01909
5307.863	1.01775
5308.863	1.01927
5309.863	1.02206
5310.863	1.02469
5311.863	1.02575
5312.863	1.02519
5313.863	1.02267
5314.863	1.01786
5315.863	1.01089
5316.863	1.00202
5317.863	0.99388
5318.863	0.98945
5319.863	0.99219
5320.863	1.00509
5321.863	1.02936
5322.863	1.06032
5323.863	1.09138
5324.863	1.11609
5325.863	1.12787
5326.863	1.12295
5327.863	1.10497
5328.863	1.07945
5329.863	1.05171
5330.863	1.02759
5331.863	1.01117
5332.863	1.00258
5333.863	1.00159
5334.863	1.0075
5335.863	1.01977
5336.863	1.03709
5337.863	1.05675
5338.863	1.07518
5339.863	1.08881
5340.863	1.0946
5341.863	1.09035
5342.863	1.07805
5343.863	1.06024
5344.863	1.03998
5345.863	1.01981
5346.863	1.00177
5347.863	0.98598
5348.863	0.97269
5349.863	0.96167
5350.863	0.95274
5351.863	0.94661
5352.863	0.94483
5353.863	0.94927
5354.863	0.96168
5355.863	0.98422
5356.863	1.01699
5357.863	1.05608
5358.863	1.09678
5359.863	1.1349
5360.863	1.16575
5361.863	1.18609
5362.863	1.19673
5363.863	1.19848
5364.863	янв.23
5365.863	1.17897
5366.863	1.16038
5367.863	1.13911
5368.863	1.11811
5369.863	1.10015
5370.863	1.08849
5371.863	1.08396
5372.863	1.08311
5373.863	1.08248
5374.863	1.07807
5375.863	1.0661
5376.863	1.04499
5377.863	1.01865
5378.863	0.99111
5379.863	0.96655
5380.863	0.94898
5381.863	0.94105
5382.863	0.94128
5383.863	0.94795
5384.863	0.95917
5385.863	0.9735
5386.863	0.98897
5387.863	1.0034
5388.863	1.01507
5389.863	1.02181
5390.863	1.0216
5391.863	1.01382
5392.863	1.00111
5393.863	0.98593
5394.863	0.97091
5395.863	0.95847
5396.863	0.95074
5397.863	0.94798
5398.863	0.95049
5399.863	0.95839
5400.863	0.97225
5401.863	0.99113
5402.863	1.01242
5403.863	1.03321
5404.863	1.05106
5405.863	1.0631
5406.863	1.06817
5407.863	1.06744
5408.863	1.06277
5409.863	1.05554
5410.863	1.04724
5411.863	1.03855
5412.863	1.02957
5413.863	1.01981
5414.863	1.00896
5415.863	0.99658
5416.863	0.9838
5417.863	0.9729
5418.863	0.9664
5419.863	0.9667
5420.863	0.97656
5421.863	0.99585
5422.863	1.02124
5423.863	1.04896
5424.863	1.07578
5425.863	1.098
5426.863	1.11332
5427.863	1.12107
5428.863	1.12051
5429.863	1.11144
5430.863	1.09317
5431.863	1.06709
5432.863	1.03682
5433.863	1.00662
5434.863	0.98023
5435.863	0.9615
5436.863	0.95252
5437.863	0.95391
5438.863	0.96571
5439.863	0.98812
5440.863	1.02106
5441.863	1.06168
5442.863	1.10296
5443.863	1.13784
5444.863	1.15928
5445.863	1.16028
5446.863	1.14106
5447.863	1.10841
5448.863	1.06971
5449.863	1.03214
5450.863	1.00316
5451.863	0.98493
5452.863	0.97473
5453.863	0.96948
5454.863	0.96656
5455.863	0.96296
5456.863	0.95777
5457.863	0.9518
5458.863	0.94643
5459.863	0.94255
5460.863	0.94117
5461.863	0.94209
5462.863	0.94386
5463.863	0.94543
5464.863	0.94528
5465.863	0.94215
5466.863	0.93625
5467.863	0.92968
5468.863	0.92417
5469.863	0.92158
5470.863	0.92356
5471.863	0.93097
5472.863	0.94318
5473.863	0.95967
5474.863	0.9799
5475.863	1.00312
5476.863	1.02785
5477.863	1.0511
5478.863	1.07003
5479.863	1.08162
5480.863	1.08364
5481.863	1.07726
5482.863	1.06692
5483.863	1.05698
5484.863	1.05229
5485.863	1.05686
5486.863	1.0696
5487.863	1.08551
5488.863	1.09931
5489.863	1.10627
5490.863	1.10152
5491.863	1.08594
5492.863	1.06422
5493.863	1.04163
5494.863	1.02294
5495.863	1.01275
5496.863	1.01144
5497.863	1.01639
5498.863	1.02536
5499.863	1.03565
5500.863	1.04486
5501.863	1.05203
5502.863	1.05774
5503.863	1.06209
5504.863	1.06534
5505.863	1.06763
5506.863	1.06977
5507.863	1.0722
5508.863	1.07555
5509.863	1.08025
5510.863	1.08709
5511.863	1.0945
5512.863	01.янв
5513.863	1.1011
5514.863	1.09512
5515.863	1.08064
5516.863	1.06284
5517.863	1.05112
5518.863	1.05476
5519.863	1.0835
5520.863	1.14515
5521.863	1.23415
5522.863	1.33732
5523.863	1.44208
5524.863	1.53526
5525.863	1.60489
5526.863	1.64762
5527.863	1.66546
5528.863	1.65969
5529.863	1.63184
5530.863	1.58382
5531.863	1.52034
5532.863	1.44841
5533.863	1.37424
5534.863	1.30431
5535.863	1.24422
5536.863	1.19492
5537.863	1.15422
5538.863	1.12014
5539.863	1.09054
5540.863	1.06406
5541.863	1.04069
5542.863	1.02146
5543.863	1.00728
5544.863	0.99949
5545.863	0.99878
5546.863	1.00441
5547.863	1.01482
5548.863	1.02892
5549.863	1.04513
5550.863	1.06182
5551.863	1.07581
5552.863	1.08388
5553.863	1.08231
5554.863	1.06756
5555.863	1.03696
5556.863	0.99496
5557.863	0.94809
5558.863	0.903
5559.863	0.86623
5560.863	0.84368
5561.863	0.83452
5562.863	0.83574
5563.863	0.8442
5564.863	0.85716
5565.863	0.87176
5566.863	0.88682
5567.863	0.90159
5568.863	0.91572
5569.863	0.92846
5570.863	0.93916
5571.863	0.94684
5572.863	0.95096
5573.863	0.9505
5574.863	0.94443
5575.863	0.93265
5576.863	0.91681
5577.863	0.89944
5578.863	0.8829
5579.863	0.87
5580.863	0.86296
5581.863	0.86334
5582.863	0.87233
5583.863	0.89155
5584.863	0.92219
5585.863	0.96415
5586.863	1.01067
5587.863	1.05359
5588.863	1.0843
5589.863	1.09417
5590.863	1.07788
5591.863	1.0416
5592.863	0.99494
5593.863	0.94734
5594.863	0.90871
5595.863	0.88653
5596.863	0.88049
5597.863	0.88806
5598.863	0.90716
5599.863	0.93527
5600.863	0.96955
5601.863	1.00629
5602.863	1.04105
5603.863	1.0695
5604.863	1.08717
5605.863	1.09176
5606.863	1.08661
5607.863	1.07663
5608.863	1.06657
5609.863	1.06171
5610.863	1.06504
5611.863	1.07339
5612.863	1.08279
5613.863	1.08872
5614.863	1.08685
5615.863	1.07436
5616.863	1.05453
5617.863	1.03129
5618.863	1.00876
5619.863	0.99086
5620.863	0.9811
5621.863	0.97955
5622.863	0.98573
5623.863	0.9996
5624.863	1.02067
5625.863	1.0482
5626.863	1.08008
5627.863	1.11448
5628.863	1.14909
5629.863	1.18156
5630.863	1.21036
5631.863	1.23412
5632.863	1.25178
5633.863	1.26207
5634.863	1.26432
5635.863	1.25853
5636.863	1.24815
5637.863	1.23782
5638.863	1.23157
5639.863	1.23362
5640.863	1.24548
5641.863	янв.27
5642.863	1.27922
5643.863	1.28914
5644.863	1.28639
5645.863	янв.82
5646.863	1.23775
5647.863	1.19925
5648.863	1.1575
5649.863	1.11666
5650.863	1.07994
5651.863	1.0476
5652.863	1.02002
5653.863	0.99705
5654.863	0.97855
5655.863	0.96489
5656.863	0.9559
5657.863	0.95161
5658.863	0.95188
5659.863	0.95703
5660.863	0.96596
5661.863	0.9755
5662.863	0.98271
5663.863	0.98417
5664.863	0.97665
5665.863	0.95913
5666.863	0.93592
5667.863	0.91144
5668.863	0.89026
5669.863	0.87681
5670.863	0.87439
5671.863	0.88289
5672.863	0.90187
5673.863	0.93132
5674.863	0.97079
5675.863	1.0189
5676.863	1.07218
5677.863	1.12744
5678.863	1.18099
5679.863	1.22916
5680.863	1.27195
5681.863	1.31422
5682.863	1.36158
5683.863	1.41939
5684.863	1.49365
5685.863	1.58435
5686.863	1.68283
5687.863	1.77931
5688.863	1.86485
5689.863	1.92975
5690.863	янв.82
5691.863	1.98167
5692.863	1.97126
5693.863	1.93835
5694.863	1.88406
5695.863	1.81197
5696.863	1.72703
5697.863	1.63443
5698.863	1.54019
5699.863	1.44943
5700.863	1.36559
5701.863	1.289
5702.863	янв.04
5703.863	1.15988
5704.863	1.10775
5705.863	1.06395
5706.863	1.02865
5707.863	1.00149
5708.863	0.98229
5709.863	0.97068
5710.863	0.96676
5711.863	0.97007
5712.863	0.98016
5713.863	0.99705
5714.863	1.02024
5715.863	1.04802
5716.863	1.07674
5717.863	1.10317
5718.863	1.12355
5719.863	1.13437
5720.863	1.13457
5721.863	1.12686
5722.863	1.11354
5723.863	1.09713
5724.863	1.07992
5725.863	1.06365
5726.863	1.04827
5727.863	1.03385
5728.863	1.02027
5729.863	1.00794
5730.863	0.9966
5731.863	0.98598
5732.863	0.97567
5733.863	0.96574
5734.863	0.95579
5735.863	0.9462
5736.863	0.93866
5737.863	0.93439
5738.863	0.93479
5739.863	0.94103
5740.863	0.9533
5741.863	0.96985
5742.863	0.98902
5743.863	1.00897
5744.863	1.02842
5745.863	1.04618
5746.863	1.06184
5747.863	1.07482
5748.863	1.0851
5749.863	1.0921
5750.863	1.09523
5751.863	1.09373
5752.863	1.08664
5753.863	1.07357
5754.863	1.05371
5755.863	1.02893
5756.863	1.00318
5757.863	0.98098
5758.863	0.96633
5759.863	0.96315
5760.863	0.97079
5761.863	0.98535
5762.863	1.00235
5763.863	1.01747
5764.863	1.02638
5765.863	1.0279
5766.863	1.02247
5767.863	1.01076
5768.863	0.99343
5769.863	0.97107
5770.863	0.94583
5771.863	0.92016
5772.863	0.89675
5773.863	0.87808
5774.863	0.867
5775.863	0.86418
5776.863	0.86917
5777.863	0.88135
5778.863	0.90055
5779.863	0.92601
5780.863	0.95537
5781.863	0.98503
5782.863	1.01119
5783.863	1.03057
5784.863	1.03968
5785.863	1.03915
5786.863	1.03219
5787.863	1.02191
5788.863	1.01192
5789.863	1.00509
5790.863	1.00194
5791.863	1.00116
5792.863	1.00195
5793.863	1.003
5794.863	1.00321
5795.863	1.0022
5796.863	0.99981
5797.863	0.99642
5798.863	0.99189
5799.863	0.98634
5800.863	0.98067
5801.863	0.97612
5802.863	0.97441
5803.863	0.97678
5804.863	0.9844
5805.863	0.99628
5806.863	1.01004
5807.863	1.02382
5808.863	1.03525
5809.863	1.04241
5810.863	1.04575
5811.863	1.04766
5812.863	1.04996
5813.863	1.05467
5814.863	1.06342
5815.863	1.07432
5816.863	1.08432
5817.863	1.08983
5818.863	1.08746
5819.863	1.07435
5820.863	1.05193
5821.863	1.02433
5822.863	0.99514
5823.863	0.96813
5824.863	0.94662
5825.863	0.9305
5826.863	0.91795
5827.863	0.90761
5828.863	0.89765
5829.863	0.88676
5830.863	0.87626
5831.863	0.86846
5832.863	0.86615
5833.863	0.87163
5834.863	0.88685
5835.863	0.9101
5836.863	0.93803
5837.863	0.96775
5838.863	0.9959
5839.863	1.01947
5840.863	1.03661
5841.863	1.04577
5842.863	1.04593
5843.863	1.03555
5844.863	1.01408
5845.863	0.98609
5846.863	0.95786
5847.863	0.93622
5848.863	0.92745
5849.863	0.93673
5850.863	0.96184
5851.863	0.9979
5852.863	1.03988
5853.863	1.08325
5854.863	1.12317
5855.863	1.15601
5856.863	1.17852
5857.863	1.18723
5858.863	1.17929
5859.863	1.15251
5860.863	1.11149
5861.863	1.06299
5862.863	1.01373
5863.863	0.97029
5864.863	0.9386
5865.863	0.91846
5866.863	0.90812
5867.863	0.90583
5868.863	0.90967
5869.863	0.91815
5870.863	0.92895
5871.863	0.9398
5872.863	0.94844
5873.863	0.95246
5874.863	0.95048
5875.863	0.94306
5876.863	0.93159
5877.863	0.91747
5878.863	0.9021
5879.863	0.88679
5880.863	0.87358
5881.863	0.86414
5882.863	0.86029
5883.863	0.86382
5884.863	0.87568
5885.863	0.89305
5886.863	0.91273
5887.863	0.93105
5888.863	0.94449
5889.863	0.95045
5890.863	0.94956
5891.863	0.94381
5892.863	0.93463
5893.863	0.92367
5894.863	0.91258
5895.863	0.90314
5896.863	0.89701
5897.863	0.89632
5898.863	0.90271
5899.863	0.91711
5900.863	0.93734
5901.863	0.96044
5902.863	0.98393
5903.863	1.00484
5904.863	1.02119
5905.863	1.03362
5906.863	1.04331
5907.863	1.05126
5908.863	1.05901
5909.863	1.06702
5910.863	1.07422
5911.863	1.07923
5912.863	1.08049
5913.863	1.07699
5914.863	1.06799
5915.863	1.05531
5916.863	1.04122
5917.863	1.02797
5918.863	1.01763
5919.863	1.01212
5920.863	1.01088
5921.863	1.01322
5922.863	1.01842
5923.863	1.02561
5924.863	1.03418
5925.863	1.04235
5926.863	1.04841
5927.863	1.05063
5928.863	1.0473
5929.863	1.03783
5930.863	1.0255
5931.863	1.01352
5932.863	1.00532
5933.863	1.00431
5934.863	1.0121
5935.863	1.027
5936.863	1.04625
5937.863	1.06724
5938.863	1.08736
5939.863	1.10408
5940.863	1.11596
5941.863	1.12111
5942.863	1.1178
5943.863	1.10431
5944.863	1.08093
5945.863	1.0521
5946.863	1.02336
5947.863	0.99973
5948.863	0.98634
5949.863	0.98528
5950.863	0.99213
5951.863	1.00216
5952.863	1.01017
5953.863	1.01112
5954.863	1.00249
5955.863	0.98647
5956.863	0.96633
5957.863	0.94486
5958.863	0.92498
5959.863	0.90936
5960.863	0.90022
5961.863	0.89954
5962.863	0.90977
5963.863	0.93288
5964.863	0.96766
5965.863	1.00701
5966.863	1.04305
5967.863	1.06842
5968.863	1.07532
5969.863	1.06168
5970.863	1.03495
5971.863	1.00332
5972.863	0.97553
5973.863	0.95969
5974.863	0.95947
5975.863	0.97097
5976.863	0.98944
5977.863	1.01065
5978.863	1.02985
5979.863	1.04416
5980.863	1.05323
5981.863	1.05673
5982.863	1.05493
5983.863	1.04751
5984.863	1.03492
5985.863	1.01841
5986.863	0.99913
5987.863	0.97876
5988.863	0.95844
5989.863	0.93963
5990.863	0.92399
5991.863	0.91305
5992.863	0.90879
5993.863	0.91268
5994.863	0.92495
5995.863	0.94382
5996.863	0.96726
5997.863	0.99372
5998.863	1.02116
5999.863	1.04784
6000.863	1.07201
6001.863	1.09252
6002.863	1.10763
6003.863	1.11586
6004.863	1.11721
6005.863	1.11337
6006.863	1.10673
6007.863	1.09907
6008.863	1.09236
6009.863	1.08752
6010.863	1.08403
6011.863	1.08193
6012.863	1.08063
6013.863	1.07978
6014.863	1.07897
6015.863	1.07857
6016.863	1.07839
6017.863	1.07841
6018.863	1.07862
6019.863	1.07864
6020.863	1.07845
6021.863	1.07747
6022.863	1.07529
6023.863	1.07135
6024.863	1.06678
6025.863	1.06321
6026.863	1.06254
6027.863	1.06668
6028.863	1.07722
6029.863	1.09419
6030.863	1.11492
6031.863	1.13683
6032.863	1.15711
6033.863	1.17369
6034.863	1.18552
6035.863	янв.33
6036.863	1.19762
6037.863	янв.97
6038.863	1.20005
6039.863	1.19848
6040.863	1.19392
6041.863	1.18507
6042.863	1.17126
6043.863	1.15131
6044.863	1.1262
6045.863	1.09841
6046.863	1.07108
6047.863	1.04674
6048.863	1.02803
6049.863	1.01617
6050.863	1.01186
6051.863	1.01522
6052.863	1.02654
6053.863	1.04579
6054.863	1.07071
6055.863	1.09639
6056.863	1.11802
6057.863	1.1306
6058.863	1.1301
6059.863	1.11726
6060.863	1.097
6061.863	1.07414
6062.863	1.05411
6063.863	1.04145
6064.863	1.03742
6065.863	1.04051
6066.863	1.04978
6067.863	1.06367
6068.863	1.08082
6069.863	1.09907
6070.863	1.1165
6071.863	1.13058
6072.863	1.13898
6073.863	1.13937
6074.863	1.13254
6075.863	1.12027
6076.863	1.10456
6077.863	1.08723
6078.863	1.07066
6079.863	1.05619
6080.863	1.04512
6081.863	1.03854
6082.863	1.03811
6083.863	1.04475
6084.863	1.05762
6085.863	1.07455
6086.863	1.09395
6087.863	1.11362
6088.863	1.13168
6089.863	1.14691
6090.863	1.15923
6091.863	1.16794
6092.863	1.17255
6093.863	1.17243
6094.863	1.16812
6095.863	1.15984
6096.863	1.14803
6097.863	1.13292
6098.863	1.11548
6099.863	1.09719
6100.863	1.08013
6101.863	1.06697
6102.863	1.05977
6103.863	1.06049
6104.863	1.06816
6105.863	1.08109
6106.863	1.097
6107.863	1.11378
6108.863	1.12926
6109.863	1.14267
6110.863	1.15304
6111.863	1.15961
6112.863	1.16138
6113.863	1.15827
6114.863	1.15137
6115.863	1.14284
6116.863	1.1346
6117.863	1.12921
6118.863	1.12827
6119.863	1.13121
6120.863	1.13625
6121.863	1.14224
6122.863	1.1474
6123.863	1.15015
6124.863	1.15095
6125.863	1.15019
6126.863	1.14845
6127.863	1.14611
6128.863	1.14413
6129.863	1.14245
6130.863	1.14106
6131.863	1.13974
6132.863	1.13893
6133.863	1.13828
6134.863	1.13695
6135.863	1.13364
6136.863	1.12765
6137.863	1.11768
6138.863	1.10301
6139.863	1.08495
6140.863	1.06615
6141.863	1.04869
6142.863	1.03463
6143.863	1.02636
6144.863	1.02434
6145.863	1.02881
6146.863	1.03978
6147.863	1.05786
6148.863	1.08246
6149.863	1.11018
6150.863	1.13642
6151.863	1.15724
6152.863	1.16805
6153.863	1.1656
6154.863	1.15168
6155.863	1.13028
6156.863	1.10476
6157.863	1.07869
6158.863	1.05506
6159.863	1.03583
6160.863	1.02187
6161.863	1.01426
6162.863	1.01389
6163.863	1.02158
6164.863	1.03483
6165.863	1.05063
6166.863	1.06573
6167.863	1.0775
6168.863	1.08358
6169.863	1.08514
6170.863	1.08483
6171.863	1.08472
6172.863	1.08706
6173.863	1.09327
6174.863	1.10278
6175.863	1.11385
6176.863	1.1249
6177.863	1.13416
6178.863	1.14085
6179.863	1.14488
6180.863	1.14666
6181.863	1.14638
6182.863	1.1449
6183.863	1.14253
6184.863	1.14028
6185.863	1.13904
6186.863	1.14032
6187.863	1.14502
6188.863	1.15352
6189.863	1.16362
6190.863	1.17328
6191.863	1.17984
6192.863	1.18082
6193.863	1.17461
6194.863	1.16366
6195.863	1.15039
6196.863	1.13745
6197.863	1.12728
6198.863	1.12208
6199.863	1.12074
6200.863	1.12193
6201.863	1.12407
6202.863	1.12623
6203.863	1.12733
6204.863	1.12793
6205.863	1.12882
6206.863	1.13059
6207.863	1.13446
6208.863	1.14069
6209.863	1.14886
6210.863	1.15819
6211.863	1.16852
6212.863	1.1791
6213.863	1.18915
6214.863	1.19724
6215.863	янв.25
6216.863	1.20343
6217.863	1.19871
6218.863	1.18801
6219.863	1.1745
6220.863	1.1611
6221.863	1.15097
6222.863	1.14702
6223.863	1.15091
6224.863	1.15915
6225.863	1.16784
6226.863	1.17309
6227.863	1.17078
6228.863	1.15945
6229.863	1.14137
6230.863	1.11959
6231.863	1.09699
6232.863	1.07702
6233.863	1.06176
6234.863	1.05178
6235.863	1.04747
6236.863	1.04901
6237.863	1.05716
6238.863	1.07111
6239.863	1.08831
6240.863	1.10574
6241.863	1.12102
6242.863	1.13116
6243.863	1.13479
6244.863	1.13331
6245.863	1.12819
6246.863	1.12154
6247.863	1.11485
6248.863	1.10959
6249.863	1.10664
6250.863	1.10749
6251.863	1.11298
6252.863	1.12415
6253.863	1.14077
6254.863	1.16022
6255.863	1.18028
6256.863	1.19811
6257.863	1.21109
6258.863	1.21778
6259.863	янв.85
6260.863	1.21443
6261.863	1.20608
6262.863	1.19417
6263.863	1.1801
6264.863	1.16604
6265.863	1.15492
6266.863	1.14901
6267.863	1.15074
6268.863	1.15981
6269.863	1.17148
6270.863	1.18135
6271.863	1.18437
6272.863	1.17576
6273.863	1.1548
6274.863	1.12641
6275.863	1.09657
6276.863	1.07065
6277.863	1.05413
6278.863	1.04926
6279.863	1.05359
6280.863	1.06496
6281.863	1.0806
6282.863	1.09796
6283.863	1.11468
6284.863	1.1287
6285.863	1.13777
6286.863	1.14028
6287.863	1.13403
6288.863	1.11961
6289.863	1.10075
6290.863	1.08122
6291.863	1.06538
6292.863	1.05689
6293.863	1.05667
6294.863	1.06208
6295.863	1.07031
6296.863	1.07829
6297.863	1.08368
6298.863	1.08571
6299.863	1.0863
6300.863	1.08753
6301.863	1.09145
6302.863	1.09988
6303.863	1.11381
6304.863	1.13205
6305.863	1.15352
6306.863	1.17715
6307.863	1.20181
6308.863	янв.52
6309.863	1.24356
6310.863	1.25374
6311.863	1.25193
6312.863	1.23473
6313.863	1.20359
6314.863	1.16481
6315.863	1.12465
6316.863	1.09005
6317.863	1.06708
6318.863	1.05782
6319.863	1.06029
6320.863	1.07235
6321.863	1.09188
6322.863	1.1167
6323.863	1.14348
6324.863	1.1687
6325.863	1.18819
6326.863	1.19795
6327.863	1.19429
6328.863	1.17858
6329.863	1.1566
6330.863	1.13409
6331.863	1.11742
6332.863	1.11202
6333.863	1.11846
6334.863	1.13313
6335.863	1.15227
6336.863	1.17213
6337.863	1.18907
6338.863	1.20109
6339.863	1.20838
6340.863	1.21049
6341.863	1.20718
6342.863	1.19833
6343.863	1.18548
6344.863	1.17144
6345.863	1.15904
6346.863	1.15113
6347.863	1.15032
6348.863	1.15596
6349.863	1.16588
6350.863	1.17716
6351.863	1.18715
6352.863	1.19329
6353.863	1.19493
6354.863	1.19269
6355.863	1.18723
6356.863	1.1792
6357.863	1.16929
6358.863	1.15847
6359.863	1.14868
6360.863	1.1412
6361.863	1.13756
6362.863	1.13909
6363.863	1.14508
6364.863	1.15359
6365.863	1.16262
6366.863	1.17018
6367.863	1.17448
6368.863	1.17576
6369.863	1.17551
6370.863	1.17524
6371.863	1.17643
6372.863	1.18035
6373.863	1.18582
6374.863	1.19024
6375.863	1.19102
6376.863	1.18556
6377.863	1.17162
6378.863	1.15035
6379.863	1.12553
6380.863	1.10028
6381.863	1.07794
6382.863	1.06157
6383.863	1.05177
6384.863	1.04784
6385.863	1.04906
6386.863	1.05472
6387.863	1.06406
6388.863	1.07595
6389.863	1.08909
6390.863	1.10215
6391.863	1.11384
6392.863	1.12285
6393.863	1.13042
6394.863	1.13801
6395.863	1.14732
6396.863	1.16003
6397.863	1.17743
6398.863	янв.78
6399.863	1.21803
6400.863	1.23504
6401.863	1.24571
6402.863	1.24752
6403.863	янв.18
6404.863	1.23159
6405.863	янв.97
6406.863	1.20963
6407.863	1.20368
6408.863	1.20086
6409.863	1.19877
6410.863	1.19499
6411.863	1.18712
6412.863	1.17318
6413.863	1.15392
6414.863	1.1312
6415.863	1.10685
6416.863	1.0827
6417.863	1.06062
6418.863	1.0425
6419.863	1.03007
6420.863	1.02567
6421.863	1.03102
6422.863	1.04732
6423.863	1.07152
6424.863	1.09913
6425.863	1.1256
6426.863	1.14644
6427.863	1.15792
6428.863	1.16075
6429.863	1.15708
6430.863	1.14908
6431.863	1.13893
6432.863	1.12834
6433.863	1.11862
6434.863	1.11005
6435.863	1.10312
6436.863	1.09834
6437.863	1.09613
6438.863	1.09654
6439.863	1.09948
6440.863	1.10489
6441.863	1.11269
6442.863	1.12258
6443.863	1.13321
6444.863	1.14293
6445.863	1.14986
6446.863	1.1528
6447.863	1.15036
6448.863	1.14358
6449.863	1.13405
6450.863	1.1234
6451.863	1.11323
6452.863	1.10484
6453.863	1.09827
6454.863	1.09319
6455.863	1.08929
6456.863	1.08628
6457.863	1.08379
6458.863	1.08125
6459.863	1.07786
6460.863	1.07344
6461.863	1.06716
6462.863	1.05897
6463.863	1.0508
6464.863	1.04507
6465.863	1.0442
6466.863	1.05061
6467.863	1.06562
6468.863	1.08672
6469.863	1.11052
6470.863	1.13366
6471.863	1.15276
6472.863	1.16522
6473.863	1.17253
6474.863	1.1762
6475.863	1.17795
6476.863	1.17953
6477.863	1.18201
6478.863	1.18434
6479.863	1.18506
6480.863	1.18269
6481.863	1.17578
6482.863	1.16356
6483.863	1.14744
6484.863	1.1292
6485.863	1.11066
6486.863	1.0934
6487.863	1.07934
6488.863	1.06883
6489.863	1.06226
6490.863	1.06005
6491.863	1.06258
6492.863	1.06982
6493.863	1.08051
6494.863	1.09319
6495.863	1.10638
6496.863	1.11864
6497.863	1.12875
6498.863	1.13623
6499.863	1.14049
6500.863	1.14161
6501.863	1.13898
6502.863	1.13277
6503.863	1.12445
6504.863	1.11571
6505.863	1.1082
6506.863	1.10361
6507.863	1.10294
6508.863	1.1056
6509.863	1.11078
6510.863	1.11765
6511.863	1.12542
6512.863	1.13348
6513.863	1.14154
6514.863	1.15004
6515.863	1.15875
6516.863	1.16765
6517.863	1.17656
6518.863	1.18495
6519.863	1.19224
6520.863	1.19783
6521.863	1.20114
6522.863	1.20211
6523.863	1.20177
6524.863	1.20127
6525.863	1.20176
6526.863	1.20413
6527.863	1.20937
6528.863	1.21641
6529.863	1.22432
6530.863	1.23214
6531.863	1.23893
6532.863	1.24389
6533.863	1.24654
6534.863	1.24644
6535.863	1.24313
6536.863	1.23617
6537.863	1.22581
6538.863	1.21357
6539.863	1.20107
6540.863	1.18971
6541.863	1.18159
6542.863	1.17721
6543.863	1.17589
6544.863	1.17677
6545.863	1.17902
6546.863	1.1818
6547.863	1.18452
6548.863	1.18704
6549.863	1.18922
6550.863	1.19094
6551.863	1.19207
6552.863	1.19261
6553.863	1.19247
6554.863	1.19232
6555.863	янв.21
6556.863	1.19197
6557.863	1.19201
6558.863	1.19216
6559.863	1.19234
6560.863	1.19245
6561.863	1.19242
6562.863	1.19192
6563.863	1.19032
6564.863	1.18696
6565.863	1.18118
6566.863	1.17234
6567.863	1.16029
6568.863	1.14656
6569.863	1.13208
6570.863	1.11798
6571.863	1.10539
6572.863	1.09525
6573.863	1.08823
6574.863	1.08501
6575.863	1.08624
6576.863	1.09254
6577.863	1.10333
6578.863	1.11653
6579.863	1.12997
6580.863	1.14125
6581.863	1.14872
6582.863	1.15155
6583.863	1.15093
6584.863	1.14813
6585.863	1.14445
6586.863	1.14114
6587.863	1.13881
6588.863	1.13736
6589.863	1.13664
6590.863	1.13652
6591.863	1.13683
6592.863	1.13718
6593.863	1.13669
6594.863	1.13515
6595.863	1.13165
6596.863	1.1256
6597.863	1.11771
6598.863	1.1101
6599.863	1.10491
6600.863	1.10431
6601.863	1.11036
6602.863	1.1228
6603.863	1.13916
6604.863	1.15687
6605.863	1.17336
6606.863	1.18611
6607.863	1.19353
6608.863	1.19581
6609.863	1.19246
6610.863	1.18323
6611.863	1.16798
6612.863	1.14868
6613.863	1.1292
6614.863	1.11344
6615.863	1.10532
6616.863	1.10853
6617.863	1.12284
6618.863	1.1447
6619.863	1.17045
6620.863	1.19619
6621.863	1.21888
6622.863	1.23679
6623.863	янв.01
6624.863	1.25905
6625.863	1.26387
6626.863	1.26481
6627.863	1.26247
6628.863	1.25767
6629.863	1.25126
6630.863	янв.41
6631.863	1.23698
6632.863	янв.23
6633.863	1.22275
6634.863	1.21455
6635.863	1.20548
6636.863	1.19496
6637.863	1.18393
6638.863	1.17423
6639.863	1.16772
6640.863	1.16625
6641.863	1.17147
6642.863	1.18232
6643.863	1.19595
6644.863	1.20948
6645.863	1.22001
6646.863	1.22488
6647.863	1.22347
6648.863	1.21748
6649.863	1.20783
6650.863	1.19573
6651.863	1.18238
6652.863	1.16936
6653.863	1.15842
6654.863	1.15134
6655.863	1.14987
6656.863	1.15554
6657.863	1.16727
6658.863	1.18246
6659.863	янв.85
6660.863	1.21277
6661.863	1.22258
6662.863	1.22783
6663.863	1.22865
6664.863	1.22543
6665.863	1.21858
6666.863	1.20862
6667.863	1.19727
6668.863	1.1869
6669.863	1.17988
6670.863	1.17858
6671.863	1.18499
6672.863	1.19787
6673.863	1.21435
6674.863	1.23129
6675.863	янв.63
6676.863	1.25661
6677.863	1.26271
6678.863	янв.65
6679.863	1.26992
6680.863	1.27491
6681.863	1.28301
6682.863	янв.28
6683.863	1.30145
6684.863	1.30618
6685.863	1.30416
6686.863	1.29311
6687.863	1.27458
6688.863	янв.15
6689.863	1.22762
6690.863	янв.59
6691.863	1.18923
6692.863	1.17824
6693.863	1.17266
6694.863	1.17219
6695.863	1.17654
6696.863	1.18511
6697.863	1.19525
6698.863	1.20347
6699.863	1.20632
6700.863	1.20031
6701.863	1.18259
6702.863	1.15619
6703.863	1.12542
6704.863	1.09479
6705.863	1.06884
6706.863	1.05155
6707.863	1.04373
6708.863	1.04503
6709.863	1.0551
6710.863	1.07361
6711.863	1.0998
6712.863	1.13066
6713.863	1.16244
6714.863	1.19135
6715.863	1.21338
6716.863	1.22599
6717.863	янв.97
6718.863	1.22651
6719.863	1.21842
6720.863	1.20744
6721.863	1.19553
6722.863	1.18446
6723.863	1.17597
6724.863	1.17178
6725.863	1.1736
6726.863	1.1824
6727.863	янв.56
6728.863	1.20933
6729.863	1.22048
6730.863	1.22516
6731.863	1.22081
6732.863	1.20947
6733.863	1.19445
6734.863	1.17909
6735.863	1.16672
6736.863	1.15978
6737.863	1.15709
6738.863	1.15647
6739.863	1.15575
6740.863	1.15275
6741.863	1.14568
6742.863	1.13591
6743.863	1.12471
6744.863	1.11358
6745.863	1.10401
6746.863	1.09717
6747.863	1.0928
6748.863	1.09033
6749.863	1.0892
6750.863	1.08883
6751.863	1.0887
6752.863	1.08853
6753.863	1.08805
6754.863	1.08702
6755.863	1.08495
6756.863	1.08233
6757.863	1.07988
6758.863	1.07877
6759.863	1.08014
6760.863	1.08517
6761.863	1.09452
6762.863	1.10734
6763.863	1.12242
6764.863	1.1386
6765.863	1.15468
6766.863	1.16956
6767.863	1.18245
6768.863	1.19233
6769.863	1.19895
6770.863	1.20131
6771.863	1.19919
6772.863	1.19396
6773.863	1.18727
6774.863	1.18079
6775.863	1.17616
6776.863	1.17441
6777.863	1.1748
6778.863	1.1763
6779.863	1.17787
6780.863	1.17847
6781.863	1.17755
6782.863	1.17564
6783.863	1.17421
6784.863	1.17398
6785.863	1.17595
6786.863	1.1803
6787.863	1.18526
6788.863	1.18874
6789.863	1.18867
6790.863	1.18295
6791.863	1.17066
6792.863	1.15387
6793.863	1.13432
6794.863	1.11447
6795.863	1.09657
6796.863	1.08245
6797.863	1.07307
6798.863	1.06949
6799.863	1.07207
6800.863	1.08187
6801.863	1.09833
6802.863	1.1179
6803.863	1.13661
6804.863	1.15076
6805.863	1.15591
6806.863	1.15046
6807.863	1.13685
6808.863	1.1181
6809.863	1.0972
6810.863	1.07739
6811.863	1.06051
6812.863	1.0478
6813.863	1.04007
6814.863	1.03814
6815.863	1.04283
6816.863	1.05417
6817.863	1.06955
6818.863	1.08685
6819.863	1.10371
6820.863	1.11778
6821.863	1.12762
6822.863	1.13337
6823.863	1.13562
6824.863	1.1342
6825.863	1.12969
6826.863	1.1228
6827.863	1.11489
6828.863	1.10739
6829.863	1.10172
6830.863	1.09954
6831.863	1.10106
6832.863	1.10603
6833.863	1.11383
6834.863	1.12385
6835.863	1.13548
6836.863	1.14767
6837.863	1.15898
6838.863	1.16715
6839.863	1.17067
6840.863	1.16781
6841.863	1.15844
6842.863	1.14482
6843.863	1.1294
6844.863	1.11464
6845.863	1.10295
6846.863	1.09576
6847.863	1.09198
6848.863	1.09113
6849.863	1.09245
6850.863	1.09522
6851.863	1.09876
6852.863	1.10245
6853.863	1.1057
6854.863	1.10813
6855.863	1.10868
6856.863	1.10697
6857.863	1.1024
6858.863	1.09439
6859.863	1.08232
6860.863	1.06565
6861.863	1.0451
6862.863	1.02305
6863.863	1.00197
6864.863	0.98454
6865.863	0.97275
6866.863	0.96755
6867.863	0.96763
6868.863	0.97159
6869.863	0.97804
6870.863	0.98558
6871.863	0.99345
6872.863	1.00157
6873.863	1.00993
6874.863	1.01869
6875.863	1.02741
6876.863	1.03624
6877.863	1.04513
6878.863	1.05403
6879.863	1.06286
6880.863	1.07157
6881.863	1.07996
6882.863	1.08771
6883.863	1.09447
6884.863	1.09993
6885.863	1.10395
6886.863	1.10544
6887.863	1.10368
6888.863	1.09774
6889.863	1.08666
6890.863	1.06962
6891.863	1.04815
6892.863	1.02602
6893.863	1.00709
6894.863	0.99521
6895.863	0.99405
6896.863	1.00337
6897.863	1.01942
6898.863	1.03857
6899.863	1.05649
6900.863	1.06974
6901.863	1.07813
6902.863	1.08448
6903.863	1.09173
6904.863	1.10281
6905.863	1.12038
6906.863	1.14294
6907.863	1.16549
6908.863	1.18297
6909.863	1.19029
6910.863	1.18274
6911.863	1.16148
6912.863	1.13227
6913.863	1.10121
6914.863	1.07371
6915.863	1.05562
6916.863	1.04857
6917.863	1.05123
6918.863	1.06219
6919.863	1.08003
6920.863	1.10329
6921.863	1.12968
6922.863	1.15633
6923.863	1.18036
6924.863	янв.89
6925.863	1.20926
6926.863	янв.13
6927.863	1.20659
6928.863	1.19674
6929.863	1.18337
6930.863	1.16805
6931.863	1.15222
6932.863	1.1363
6933.863	1.12146
6934.863	1.10863
6935.863	1.09867
6936.863	1.09187
6937.863	1.08813
6938.863	1.08736
6939.863	1.08947
6940.863	1.09433
6941.863	1.10155
6942.863	1.11061
6943.863	1.12096
6944.863	1.13205
6945.863	1.14332
6946.863	1.15388
6947.863	1.16268
6948.863	1.16867
6949.863	1.17079
6950.863	1.16815
6951.863	1.16124
6952.863	1.1513
6953.863	1.13959
6954.863	1.12762
6955.863	1.11615
6956.863	1.10688
6957.863	1.10133
6958.863	1.10104
6959.863	1.10753
6960.863	1.12193
6961.863	1.14214
6962.863	1.16445
6963.863	1.18516
6964.863	1.20055
6965.863	1.20736
6966.863	1.20585
6967.863	1.19795
6968.863	1.18556
6969.863	1.17062
6970.863	1.15497
6971.863	1.13989
6972.863	1.1264
6973.863	1.1155
6974.863	1.10823
6975.863	1.1054
6976.863	1.10655
6977.863	1.11065
6978.863	1.11668
6979.863	1.12361
6980.863	1.13044
6981.863	1.13642
6982.863	1.14087
6983.863	1.14313
6984.863	1.14251
6985.863	1.13861
6986.863	1.13247
6987.863	1.12574
6988.863	1.12029
6989.863	1.11728
6990.863	1.11827
6991.863	1.12268
6992.863	1.12927
6993.863	1.13676
6994.863	1.14388
6995.863	1.14946
6996.863	1.1527
6997.863	1.15297
6998.863	1.14962
6999.863	1.14204
7000.863	1.12993
7001.863	1.11493
7002.863	1.09934
7003.863	1.08541
7004.863	1.07545
7005.863	1.07122
7006.863	1.07205
7007.863	1.07647
7008.863	1.08304
7009.863	1.09028
7010.863	1.09674
7011.863	1.10096
7012.863	1.10148
7013.863	1.09682
7014.863	1.08554
7015.863	1.06692
7016.863	1.0437
7017.863	1.01959
7018.863	0.9983
7019.863	0.98354
7020.863	0.97823
7021.863	0.98193
7022.863	0.9933
7023.863	1.01098
7024.863	1.03363
7025.863	1.05981
7026.863	1.0877
7027.863	1.11539
7028.863	1.14096
7029.863	1.16251
7030.863	1.1785
7031.863	1.18884
7032.863	1.19381
7033.863	1.19366
7034.863	1.18869
7035.863	1.1793
7036.863	1.16656
7037.863	1.15162
7038.863	1.13567
7039.863	1.11988
7040.863	1.10528
7041.863	1.09235
7042.863	1.08149
7043.863	1.07305
7044.863	1.06743
7045.863	1.06493
7046.863	1.06564
7047.863	1.06961
7048.863	1.07687
7049.863	1.08748
7050.863	1.10109
7051.863	1.1162
7052.863	1.13106
7053.863	1.14391
7054.863	1.15301
7055.863	1.15721
7056.863	1.15719
7057.863	1.15395
7058.863	1.1485
7059.863	1.14186
7060.863	1.13477
7061.863	1.12725
7062.863	1.11917
7063.863	1.11042
7064.863	1.10088
7065.863	1.09067
7066.863	1.0808
7067.863	1.07169
7068.863	1.06445
7069.863	1.05997
7070.863	1.05882
7071.863	1.06067
7072.863	1.06511
7073.863	1.07168
7074.863	1.07995
7075.863	1.08929
7076.863	1.09862
7077.863	1.1068
7078.863	1.11267
7079.863	1.11509
7080.863	1.11347
7081.863	1.10857
7082.863	1.10132
7083.863	1.09264
7084.863	1.08347
7085.863	1.07484
7086.863	1.06797
7087.863	1.06413
7088.863	1.06458
7089.863	1.07057
7090.863	1.08191
7091.863	1.09532
7092.863	1.10713
7093.863	1.11368
7094.863	1.11132
7095.863	1.09923
7096.863	1.0823
7097.863	1.06613
7098.863	1.05627
7099.863	1.05828
7100.863	1.07379
7101.863	1.09694
7102.863	1.12099
7103.863	1.13921
7104.863	1.14492
7105.863	1.13518
7106.863	1.11395
7107.863	1.08591
7108.863	1.05575
7109.863	1.02815
7110.863	1.00644
7111.863	0.99163
7112.863	0.98452
7113.863	0.98588
7114.863	0.99647
7115.863	1.01547
7116.863	1.03945
7117.863	1.06473
7118.863	1.08761
7119.863	1.10446
7120.863	1.11365
7121.863	1.1168
7122.863	1.11581
7123.863	1.11259
7124.863	1.10904
7125.863	1.10606
7126.863	1.10306
7127.863	1.09934
7128.863	1.0942
7129.863	1.08693
7130.863	1.07731
7131.863	1.06581
7132.863	1.05294
7133.863	1.03922
7134.863	1.02517
7135.863	1.01222
7136.863	1.00307
7137.863	1.00047
7138.863	1.00719
7139.863	1.02592
7140.863	1.05586
7141.863	1.09166
7142.863	1.12762
7143.863	1.15804
7144.863	1.17736
7145.863	1.18388
7146.863	1.18109
7147.863	1.17201
7148.863	1.16044
7149.863	1.14987
7150.863	1.14179
7151.863	1.13528
7152.863	1.12928
7153.863	1.12271
7154.863	1.11457
7155.863	1.1053
7156.863	1.09704
7157.863	1.09204
7158.863	1.09251
7159.863	1.1006
7160.863	1.1159
7161.863	1.13516
7162.863	1.155
7163.863	1.17201
7164.863	1.18291
7165.863	1.18663
7166.863	1.18443
7167.863	1.1777
7168.863	1.16782
7169.863	1.15616
7170.863	1.1434
7171.863	1.12958
7172.863	1.11471
7173.863	1.09877
7174.863	1.08179
7175.863	1.06414
7176.863	1.04653
7177.863	1.02967
7178.863	1.01429
7179.863	1.00109
7180.863	0.99038
7181.863	0.98209
7182.863	0.97615
7183.863	0.97248
7184.863	0.97102
7185.863	0.97186
7186.863	0.97524
7187.863	0.98139
7188.863	0.99057
7189.863	1.00294
7190.863	1.01766
7191.863	1.03302
7192.863	1.04727
7193.863	1.05869
7194.863	1.06559
7195.863	1.06769
7196.863	1.06487
7197.863	1.05777
7198.863	1.04678
7199.863	1.0324
7200.863	1.01633
7201.863	1.00128
7202.863	0.98994
7203.863	0.98502
7204.863	0.98899
7205.863	1.00097
7206.863	1.01768
7207.863	1.03575
7208.863	1.05184
7209.863	1.0628
7210.863	1.06832
7211.863	1.07007
7212.863	1.06975
7213.863	1.06905
7214.863	1.06958
7215.863	1.07162
7216.863	1.07465
7217.863	1.07807
7218.863	1.08133
7219.863	1.08388
7220.863	1.08533
7221.863	1.0854
7222.863	1.08382
7223.863	1.08031
7224.863	1.0747
7225.863	1.06792
7226.863	1.06154
7227.863	1.05716
7228.863	1.05638
7229.863	1.06054
7230.863	1.06847
7231.863	1.07756
7232.863	1.08516
7233.863	1.08864
7234.863	1.08573
7235.863	1.07778
7236.863	1.06814
7237.863	1.06042
7238.863	1.05747
7239.863	1.06231
7240.863	1.07221
7241.863	1.0816
7242.863	1.08485
7243.863	1.07636
7244.863	1.05153
7245.863	1.01444
7246.863	0.97351
7247.863	0.93718
7248.863	0.91392
7249.863	0.91098
7250.863	0.92625
7251.863	0.95308
7252.863	0.98482
7253.863	1.01482
7254.863	1.03709
7255.863	1.0507
7256.863	1.05705
7257.863	1.05752
7258.863	1.05351
7259.863	1.04639
7260.863	1.03742
7261.863	1.02778
7262.863	1.01865
7263.863	1.01124
7264.863	1.00663
7265.863	1.00527
7266.863	1.00733
7267.863	1.01299
7268.863	1.0224
7269.863	1.03561
7270.863	1.05182
7271.863	1.06987
7272.863	1.08861
7273.863	1.10692
7274.863	1.12361
7275.863	1.13742
7276.863	1.14702
7277.863	1.15109
7278.863	1.14858
7279.863	1.13817
7280.863	1.12248
7281.863	1.10497
7282.863	1.08908
7283.863	1.07829
7284.863	1.07523
7285.863	1.07818
7286.863	1.08392
7287.863	1.08923
7288.863	1.0909
7289.863	1.08639
7290.863	1.07668
7291.863	1.06387
7292.863	1.05007
7293.863	1.03737
7294.863	1.02777
7295.863	1.02262
7296.863	1.02311
7297.863	1.03043
7298.863	1.04576
7299.863	1.06931
7300.863	1.09683
7301.863	1.12275
7302.863	1.14153
7303.863	1.1476
7304.863	1.13736
7305.863	1.11572
7306.863	1.08994
7307.863	1.06727
7308.863	1.05498
7309.863	1.05825
7310.863	1.07366
7311.863	1.09554
7312.863	1.11821
7313.863	1.136
7314.863	1.14458
7315.863	1.14497
7316.863	1.13948
7317.863	1.13044
7318.863	1.12019
7319.863	1.11057
7320.863	1.10197
7321.863	1.09355
7322.863	1.08527
7323.863	1.07685
7324.863	1.06816
7325.863	1.05981
7326.863	1.05254
7327.863	1.04709
7328.863	1.04421
7329.863	1.04419
7330.863	1.04586
7331.863	1.04769
7332.863	1.04816
7333.863	1.04578
7334.863	1.03976
7335.863	1.03163
7336.863	1.02341
7337.863	1.01711
7338.863	1.01475
7339.863	1.01764
7340.863	1.02507
7341.863	1.03591
7342.863	1.04902
7343.863	1.06328
7344.863	1.07744
7345.863	1.08981
7346.863	1.09866
7347.863	1.10224
7348.863	1.0988
7349.863	1.08792
7350.863	1.0728
7351.863	1.05729
7352.863	1.04521
7353.863	1.04039
7354.863	1.04485
7355.863	1.05585
7356.863	1.06989
7357.863	1.08346
7358.863	1.09305
7359.863	1.09669
7360.863	1.09617
7361.863	1.09388
7362.863	1.09219
7363.863	1.0935
7364.863	1.09932
7365.863	1.10919
7366.863	1.1226
7367.863	1.13823
7368.863	1.15557
7369.863	1.17342
7370.863	1.18955
7371.863	1.20162
7372.863	1.20728
7373.863	1.20418
7374.863	1.192
7375.863	1.17469
7376.863	1.15678
7377.863	1.14281
7378.863	1.13727
7379.863	1.14171
7380.863	1.15162
7381.863	1.16174
7382.863	1.1668
7383.863	1.16156
7384.863	1.14392
7385.863	1.11784
7386.863	1.08804
7387.863	1.05918
7388.863	1.03596
7389.863	1.02137
7390.863	1.01532
7391.863	1.01737
7392.863	1.02709
7393.863	1.04403
7394.863	1.06702
7395.863	1.09361
7396.863	1.12123
7397.863	1.1473
7398.863	1.16925
7399.863	1.18563
7400.863	1.19688
7401.863	1.20361
7402.863	1.20642
7403.863	1.20594
7404.863	1.20277
7405.863	1.19755
7406.863	янв.09
7407.863	1.18347
7408.863	1.17588
7409.863	1.16883
7410.863	1.1631
7411.863	1.15946
7412.863	1.1587
7413.863	1.16159
7414.863	1.16806
7415.863	1.1768
7416.863	1.18641
7417.863	1.19547
7418.863	янв.26
7419.863	1.20751
7420.863	1.21144
7421.863	1.21574
7422.863	1.22178
7423.863	1.23087
7424.863	1.24311
7425.863	1.25692
7426.863	1.27061
7427.863	1.28247
7428.863	1.29084
7429.863	1.29518
7430.863	янв.64
7431.863	1.29549
7432.863	1.29377
7433.863	1.29162
7434.863	янв.13
7435.863	1.29584
7436.863	1.30836
7437.863	1.33196
7438.863	1.36965
7439.863	янв.14
7440.863	1.48359
7441.863	янв.24
7442.863	1.62401
7443.863	1.69464
7444.863	1.76159
7445.863	1.82334
7446.863	1.87846
7447.863	1.92551
7448.863	1.96314
7449.863	1.99216
7450.863	2.01573
7451.863	2.0371
7452.863	2.05955
7453.863	2.08622
7454.863	2.11745
7455.863	2.15071
7456.863	2.18334
7457.863	2.21269
7458.863	2.23619
7459.863	2.25325
7460.863	2.26521
7461.863	2.27351
7462.863	2.27959
7463.863	2.28477
7464.863	2.28863
7465.863	2.28908
7466.863	2.28397
7467.863	2.27114
7468.863	2.24856
7469.863	2.21646
7470.863	2.17711
7471.863	2.13283
7472.863	2.08596
7473.863	2.03889
7474.863	1.99536
7475.863	1.96023
7476.863	янв.84
7477.863	1.93476
7478.863	1.95413
7479.863	2.00012
7480.863	2.07537
7481.863	2.18249
7482.863	2.32405
7483.863	фев.17
7484.863	2.70219
7485.863	фев.07
7486.863	3.0721
7487.863	3.19128
7488.863	3.23469
7489.863	3.20132
7490.863	3.10695
7491.863	2.96775
7492.863	2.79988
7493.863	2.61899
7494.863	2.43387
7495.863	2.24843
7496.863	2.06648
7497.863	1.89183
7498.863	1.72824
7499.863	1.57924
7500.863	1.44815
7501.863	1.33829
7502.863	1.25298
7503.863	1.19507
7504.863	1.16193
7505.863	1.14736
7506.863	1.1451
7507.863	1.14889
7508.863	1.15279
7509.863	1.15413
7510.863	1.1523
7511.863	1.14673
7512.863	1.13682
7513.863	1.12216
7514.863	1.10386
7515.863	1.084
7516.863	1.06465
7517.863	1.04789
7518.863	1.03557
7519.863	1.02736
7520.863	1.0217
7521.863	1.01698
7522.863	1.01163
7523.863	1.00434
7524.863	0.99658
7525.863	0.99128
7526.863	0.99138
7527.863	0.99984
7528.863	1.01913
7529.863	1.04758
7530.863	1.0814
7531.863	1.11678
7532.863	1.14991
7533.863	1.17722
7534.863	1.19714
7535.863	1.20909
7536.863	1.21247
7537.863	1.20672
7538.863	1.19158
7539.863	1.16946
7540.863	1.14399
7541.863	1.11882
7542.863	1.09759
7543.863	1.08351
7544.863	1.07654
7545.863	1.07523
7546.863	1.07811
7547.863	1.08373
7548.863	1.09066
7549.863	1.09779
7550.863	1.10415
7551.863	1.10878
7552.863	1.1107
7553.863	1.10924
7554.863	1.10573
7555.863	1.1023
7556.863	1.10108
7557.863	1.10419
7558.863	1.11324
7559.863	1.12655
7560.863	1.14115
7561.863	1.15412
7562.863	1.16249
7563.863	1.1639
7564.863	1.15939
7565.863	1.1512
7566.863	1.14162
7567.863	1.1329
7568.863	1.12704
7569.863	1.12461
7570.863	1.12564
7571.863	1.13019
7572.863	1.13831
7573.863	1.14975
7574.863	1.16268
7575.863	1.17473
7576.863	1.18358
7577.863	1.18685
7578.863	1.18275
7579.863	1.17226
7580.863	1.15723
7581.863	1.13949
7582.863	1.1209
7583.863	1.10273
7584.863	1.08351
7585.863	1.06097
7586.863	1.03283
7587.863	0.99682
7588.863	0.95137
7589.863	0.89811
7590.863	0.83956
7591.863	0.77825
7592.863	0.71672
7593.863	0.65717
7594.863	0.60049
7595.863	0.54719
7596.863	0.49779
7597.863	0.45281
7598.863	0.41307
7599.863	0.38068
7600.863	0.35806
7601.863	0.34761
7602.863	0.35176
7603.863	0.37168
7604.863	0.40377
7605.863	0.44326
7606.863	0.48538
7607.863	0.52538
7608.863	0.5596
7609.863	0.58853
7610.863	0.61355
7611.863	0.63607
7612.863	0.65749
7613.863	0.67877
7614.863	0.69929
7615.863	0.71809
7616.863	0.73422
7617.863	0.74671
7618.863	0.7548
7619.863	0.75831
7620.863	0.75717
7621.863	0.75133
7622.863	0.74074
7623.863	0.72593
7624.863	0.70938
7625.863	0.69388
7626.863	0.68227
7627.863	0.67737
7628.863	0.68152
7629.863	0.69567
7630.863	0.72052
7631.863	0.75694
7632.863	0.80525
7633.863	0.86473
7634.863	0.92997
7635.863	0.99478
7636.863	1.05297
7637.863	1.09835
7638.863	1.12706
7639.863	1.1415
7640.863	1.14512
7641.863	1.14137
7642.863	1.13369
7643.863	1.12502
7644.863	1.11701
7645.863	1.11111
7646.863	1.10877
7647.863	1.11144
7648.863	1.1201
7649.863	1.13462
7650.863	1.15471
7651.863	1.18007
7652.863	1.21039
7653.863	1.24447
7654.863	1.27899
7655.863	1.31032
7656.863	1.33486
7657.863	1.34899
7658.863	1.35066
7659.863	янв.12
7660.863	1.32241
7661.863	1.29609
7662.863	1.26404
7663.863	1.22818
7664.863	1.19065
7665.863	1.15365
7666.863	1.11937
7667.863	1.08997
7668.863	1.06689
7669.863	1.04861
7670.863	1.03424
7671.863	1.02259
7672.863	1.01246
7673.863	1.00329
7674.863	0.99565
7675.863	0.99024
7676.863	0.98777
7677.863	0.98894
7678.863	0.99419
7679.863	1.00343
7680.863	1.01653
7681.863	1.03337
7682.863	1.0538
7683.863	1.07677
7684.863	1.09965
7685.863	1.11968
7686.863	1.13405
7687.863	1.14002
7688.863	1.13658
7689.863	1.12558
7690.863	1.10917
7691.863	1.0895
7692.863	1.06896
7693.863	1.04897
7694.863	1.03148
7695.863	1.01815
7696.863	1.01064
7697.863	1.01058
7698.863	1.01734
7699.863	1.02701
7700.863	1.03534
7701.863	1.03811
7702.863	1.03118
7703.863	1.01419
7704.863	0.99223
7705.863	0.97083
7706.863	0.95551
7707.863	0.95171
7708.863	0.9613
7709.863	0.98129
7710.863	1.00856
7711.863	1.03922
7712.863	1.07017
7713.863	1.0984
7714.863	1.12132
7715.863	1.13639
7716.863	1.14109
7717.863	1.13294
7718.863	1.11249
7719.863	1.08404
7720.863	1.05211
7721.863	1.02124
7722.863	0.99591
7723.863	0.9784
7724.863	0.9684
7725.863	0.96544
7726.863	0.96933
7727.863	0.97907
7728.863	0.99386
7729.863	1.01203
7730.863	1.03186
7731.863	1.05163
7732.863	1.06963
7733.863	1.08457
7734.863	1.09561
7735.863	1.10193
7736.863	1.10272
7737.863	1.09721
7738.863	1.08645
7739.863	1.07359
7740.863	1.06103
7741.863	1.05203
7742.863	1.04943
7743.863	1.05314
7744.863	1.06015
7745.863	1.06731
7746.863	1.07148
7747.863	1.06966
7748.863	1.0619
7749.863	1.05116
7750.863	1.04055
7751.863	1.03342
7752.863	1.03214
7753.863	1.03652
7754.863	1.04305
7755.863	1.04808
7756.863	1.04796
7757.863	1.03931
7758.863	1.02323
7759.863	1.00478
7760.863	0.98911
7761.863	0.98141
7762.863	0.98675
7763.863	1.00341
7764.863	1.02547
7765.863	1.04657
7766.863	1.06035
7767.863	1.06091
7768.863	1.0494
7769.863	1.03258
7770.863	1.01735
7771.863	1.01063
7772.863	1.01906
7773.863	1.04057
7774.863	1.06786
7775.863	1.09323
7776.863	1.10897
7777.863	1.10793
7778.863	1.09079
7779.863	1.06384
7780.863	1.03352
7781.863	1.00654
7782.863	0.98843
7783.863	0.98077
7784.863	0.98161
7785.863	0.9889
7786.863	1.00061
7787.863	1.01474
7788.863	1.02976
7789.863	1.04445
7790.863	1.05787
7791.863	1.06825
7792.863	1.0747
7793.863	1.07682
7794.863	1.07467
7795.863	1.0683
7796.863	1.05777
7797.863	1.04327
7798.863	1.02639
7799.863	1.0086
7800.863	0.99223
7801.863	0.97931
7802.863	0.97166
7803.863	0.96896
7804.863	0.96964
7805.863	0.97212
7806.863	0.97509
7807.863	0.97659
7808.863	0.97685
7809.863	0.97664
7810.863	0.97671
7811.863	0.97782
7812.863	0.98067
7813.863	0.98566
7814.863	0.99211
7815.863	1.00012
7816.863	1.00954
7817.863	1.02012
7818.863	1.03091
7819.863	1.04057
7820.863	1.0481
7821.863	1.05159
7822.863	1.05032
7823.863	1.0456
7824.863	1.03982
7825.863	1.03541
7826.863	1.03479
7827.863	1.04016
7828.863	1.04911
7829.863	1.05842
7830.863	1.06455
7831.863	1.06398
7832.863	1.05399
7833.863	1.0375
7834.863	1.02013
7835.863	1.00671
7836.863	1.00286
7837.863	1.01286
7838.863	1.03356
7839.863	1.05876
7840.863	1.08257
7841.863	1.0982
7842.863	1.10075
7843.863	1.09137
7844.863	1.07372
7845.863	1.05144
7846.863	1.02847
7847.863	1.00755
7848.863	0.99014
7849.863	0.97662
7850.863	0.9674
7851.863	0.96286
7852.863	0.96353
7853.863	0.96854
7854.863	0.97759
7855.863	0.99011
7856.863	1.00553
7857.863	1.02305
7858.863	1.041
7859.863	1.05644
7860.863	1.0673
7861.863	1.07121
7862.863	1.06651
7863.863	1.05525
7864.863	1.0409
7865.863	1.0261
7866.863	1.01435
7867.863	1.00813
7868.863	1.0063
7869.863	1.00664
7870.863	1.00723
7871.863	1.00529
7872.863	0.99952
7873.863	0.99127
7874.863	0.98273
7875.863	0.97638
7876.863	0.97389
7877.863	0.97695
7878.863	0.98371
7879.863	0.99138
7880.863	0.99718
7881.863	0.99859
7882.863	0.99321
7883.863	0.9833
7884.863	0.97182
7885.863	0.96175
7886.863	0.95635
7887.863	0.95738
7888.863	0.9648
7889.863	0.97763
7890.863	0.99489
7891.863	1.01562
7892.863	1.03885
7893.863	1.06178
7894.863	1.08221
7895.863	1.09764
7896.863	1.10558
7897.863	1.10469
7898.863	1.09561
7899.863	1.08054
7900.863	1.06139
7901.863	1.04006
7902.863	1.01854
7903.863	0.99729
7904.863	0.97747
7905.863	0.95996
7906.863	0.94564
7907.863	0.93564
7908.863	0.93024
7909.863	0.93049
7910.863	0.93719
7911.863	0.95113
7912.863	0.97227
7913.863	0.9964
7914.863	1.01949
7915.863	1.03722
7916.863	1.04528
7917.863	1.04174
7918.863	1.02986
7919.863	1.01484
7920.863	1.00162
7921.863	0.99511
7922.863	0.99861
7923.863	1.00939
7924.863	1.02464
7925.863	1.04127
7926.863	1.05622
7927.863	1.06761
7928.863	1.07507
7929.863	1.0795
7930.863	1.08151
7931.863	1.0817
7932.863	1.08098
7933.863	1.07943
7934.863	1.07799
7935.863	1.07732
7936.863	1.07837
7937.863	1.08073
7938.863	1.08372
7939.863	1.08619
7940.863	1.08699
7941.863	1.0853
7942.863	1.07979
7943.863	1.07096
7944.863	1.05917
7945.863	1.04477
7946.863	1.02837
7947.863	1.01002
7948.863	0.99113
7949.863	0.97293
7950.863	0.95689
7951.863	0.94371
7952.863	0.93469
7953.863	0.93051
7954.863	0.9318
7955.863	0.93947
7956.863	0.95363
7957.863	0.97414
7958.863	0.99864
7959.863	1.02481
7960.863	1.04949
7961.863	1.07036
7962.863	1.08534
7963.863	1.0933
7964.863	1.0935
7965.863	1.08431
7966.863	1.06503
7967.863	1.03702
7968.863	1.00611
7969.863	0.97772
7970.863	0.9581
7971.863	0.9532
7972.863	0.96443
7973.863	0.98585
7974.863	1.00998
7975.863	1.03015
7976.863	1.03946
7977.863	1.03549
7978.863	1.02167
7979.863	1.00289
7980.863	0.9838
7981.863	0.96896
7982.863	0.96101
7983.863	0.95837
7984.863	0.95997
7985.863	0.96446
7986.863	0.97078
7987.863	0.97754
7988.863	0.98483
7989.863	0.99257
7990.863	1.00091
7991.863	1.00921
7992.863	1.01788
7993.863	1.02737
7994.863	1.03817
7995.863	1.05105
7996.863	1.06593
7997.863	1.08334
7998.863	1.10322
7999.863	1.12581
8000.863	1.15042
8001.863	1.17721
8002.863	янв.42
8003.863	1.22733
8004.863	1.24136
8005.863	1.24208
8006.863	1.22509
8007.863	1.19119
8008.863	1.14783
8009.863	1.10189
8010.863	1.06124
8011.863	1.03328
8012.863	1.02059
8013.863	1.01901
8014.863	1.02493
8015.863	1.03439
8016.863	1.04383
8017.863	1.05047
8018.863	1.05423
8019.863	1.05487
8020.863	1.05244
8021.863	1.04612
8022.863	1.03674
8023.863	1.02568
8024.863	1.01434
8025.863	1.00439
8026.863	0.99667
8027.863	0.99248
8028.863	0.99244
8029.863	0.99745
8030.863	1.00756
8031.863	1.02357
8032.863	1.04411
8033.863	1.06627
8034.863	1.08616
8035.863	1.10078
8036.863	1.10696
8037.863	1.10486
8038.863	1.09645
8039.863	1.08476
8040.863	1.0725
8041.863	1.06259
8042.863	1.05538
8043.863	1.05061
8044.863	1.04768
8045.863	1.04629
8046.863	1.04524
8047.863	1.04444
8048.863	1.04366
8049.863	1.0427
8050.863	1.04162
8051.863	1.03964
8052.863	1.0371
8053.863	1.03423
8054.863	1.03157
8055.863	1.02879
8056.863	1.02642
8057.863	1.02467
8058.863	1.02402
8059.863	1.02407
8060.863	1.02529
8061.863	1.02782
8062.863	1.03126
8063.863	1.03374
8064.863	1.03424
8065.863	1.03148
8066.863	1.02456
8067.863	1.01353
8068.863	1.00057
8069.863	0.98758
8070.863	0.97677
8071.863	0.96937
8072.863	0.96604
8073.863	0.96619
8074.863	0.96949
8075.863	0.97477
8076.863	0.98169
8077.863	0.98938
8078.863	0.99716
8079.863	1.00344
8080.863	1.00753
8081.863	1.00854
8082.863	1.00736
8083.863	1.00486
8084.863	1.0028
8085.863	1.00267
8086.863	1.00577
8087.863	1.01207
8088.863	1.0197
8089.863	1.02765
8090.863	1.03462
8091.863	1.03967
8092.863	1.04163
8093.863	1.0406
8094.863	1.03637
8095.863	1.02903
8096.863	1.01791
8097.863	1.00436
8098.863	0.99004
8099.863	0.97691
8100.863	0.96606
8101.863	0.95925
8102.863	0.95628
8103.863	0.95636
8104.863	0.95786
8105.863	0.96
8106.863	0.96185
8107.863	0.9641
8108.863	0.96725
8109.863	0.97262
8110.863	0.98127
8111.863	0.99429
8112.863	1.01006
8113.863	1.02695
8114.863	1.04305
8115.863	1.05676
8116.863	1.06585
8117.863	1.07128
8118.863	1.07465
8119.863	1.07792
8120.863	1.0821
8121.863	1.08874
8122.863	1.09648
8123.863	1.10317
8124.863	1.10571
8125.863	1.10195
8126.863	1.08985
8127.863	1.07015
8128.863	1.045
8129.863	1.01565
8130.863	0.98427
8131.863	0.95284
8132.863	0.92438
8133.863	0.9014
8134.863	0.88722
8135.863	0.88491
8136.863	0.89674
8137.863	0.91828
8138.863	0.94373
8139.863	0.96701
8140.863	0.98233
8141.863	0.98448
8142.863	0.97694
8143.863	0.96561
8144.863	0.9567
8145.863	0.95556
8146.863	0.96673
8147.863	0.98579
8148.863	1.0058
8149.863	1.01894
8150.863	1.01824
8151.863	0.99855
8152.863	0.96538
8153.863	0.92659
8154.863	0.89091
8155.863	0.8668
8156.863	0.86098
8157.863	0.8701
8158.863	0.88884
8159.863	0.91161
8160.863	0.93309
8161.863	0.94823
8162.863	0.95759
8163.863	0.96278
8164.863	0.96542
8165.863	0.96743
8166.863	0.96945
8167.863	0.97119
8168.863	0.97162
8169.863	0.97
8170.863	0.96474
8171.863	0.95569
8172.863	0.94494
8173.863	0.93545
8174.863	0.9294
8175.863	0.92975
8176.863	0.93811
8177.863	0.95222
8178.863	0.96798
8179.863	0.9821
8180.863	0.99104
8181.863	0.99257
8182.863	0.98733
8183.863	0.97767
8184.863	0.96568
8185.863	0.95368
8186.863	0.94287
8187.863	0.93409
8188.863	0.92766
8189.863	0.92416
8190.863	0.92338
8191.863	0.92568
8192.863	0.93049
8193.863	0.93734
8194.863	0.94497
8195.863	0.95292
8196.863	0.96071
8197.863	0.96858
8198.863	0.97722
8199.863	0.98648
8200.863	0.99703
8201.863	1.00882
8202.863	1.02072
8203.863	1.03047
8204.863	1.03669
8205.863	1.0377
8206.863	1.03292
8207.863	1.023
8208.863	1.00991
8209.863	0.9953
8210.863	0.98111
8211.863	0.96835
8212.863	0.95874
8213.863	0.95371
8214.863	0.95492
8215.863	0.96324
8216.863	0.97905
8217.863	0.99923
8218.863	1.02044
8219.863	1.03845
8220.863	1.0499
8221.863	1.0526
8222.863	1.04811
8223.863	1.03756
8224.863	1.02303
8225.863	1.0063
8226.863	0.98953
8227.863	0.9743
8228.863	0.9631
8229.863	0.95815
8230.863	0.96163
8231.863	0.97406
8232.863	0.99079
8233.863	1.00747
8234.863	1.01945
8235.863	1.02239
8236.863	1.01418
8237.863	1.00009
8238.863	0.98587
8239.863	0.9776
8240.863	0.98045
8241.863	0.99659
8242.863	1.02026
8243.863	1.04507
8244.863	1.06375
8245.863	1.06993
8246.863	1.06132
8247.863	1.04415
8248.863	1.02464
8249.863	1.00994
8250.863	1.00686
8251.863	1.01797
8252.863	1.03683
8253.863	1.057
8254.863	1.07176
8255.863	1.07475
8256.863	1.06255
8257.863	1.03942
8258.863	1.00996
8259.863	0.97909
8260.863	0.9508
8261.863	0.92884
8262.863	0.91476
8263.863	0.90992
8264.863	0.91598
8265.863	0.93372
8266.863	0.96194
8267.863	0.99476
8268.863	1.02622
8269.863	1.04948
8270.863	1.05863
8271.863	1.05256
8272.863	1.03801
8273.863	1.02142
8274.863	1.01015
8275.863	1.01117
8276.863	1.026
8277.863	1.04713
8278.863	1.06732
8279.863	1.07902
8280.863	1.07513
8281.863	1.05359
8282.863	1.02146
8283.863	0.98604
8284.863	0.95497
8285.863	0.93486
8286.863	0.92831
8287.863	0.93122
8288.863	0.93934
8289.863	0.94759
8290.863	0.95179
8291.863	0.95048
8292.863	0.94616
8293.863	0.94073
8294.863	0.93695
8295.863	0.93723
8296.863	0.94229
8297.863	0.95113
8298.863	0.96176
8299.863	0.97308
8300.863	0.98368
8301.863	0.99323
8302.863	1.00132
8303.863	1.00848
8304.863	1.01496
8305.863	1.02129
8306.863	1.02684
8307.863	1.03159
8308.863	1.03522
8309.863	1.03772
8310.863	1.03814
8311.863	1.03627
8312.863	1.03137
8313.863	1.02304
8314.863	1.00993
8315.863	0.9917
8316.863	0.97001
8317.863	0.94901
8318.863	0.93211
8319.863	0.92359
8320.863	0.92725
8321.863	0.94336
8322.863	0.96773
8323.863	0.99688
8324.863	1.02703
8325.863	1.05473
8326.863	1.07602
8327.863	1.08818
8328.863	1.08824
8329.863	1.07353
8330.863	1.04079
8331.863	0.99467
8332.863	0.94551
8333.863	0.90412
8334.863	0.88049
8335.863	0.88474
8336.863	0.91492
8337.863	0.95931
8338.863	1.00624
8339.863	1.04308
8340.863	1.05876
8341.863	1.05222
8342.863	1.0308
8343.863	1.00114
8344.863	0.97082
8345.863	0.94681
8346.863	0.93192
8347.863	0.9248
8348.863	0.92485
8349.863	0.93119
8350.863	0.94317
8351.863	0.95833
8352.863	0.97441
8353.863	0.98884
8354.863	0.99935
8355.863	1.00297
8356.863	1.00002
8357.863	0.99222
8358.863	0.98159
8359.863	0.96928
8360.863	0.9573
8361.863	0.94696
8362.863	0.93956
8363.863	0.93558
8364.863	0.93635
8365.863	0.94282
8366.863	0.95547
8367.863	0.97344
8368.863	0.99672
8369.863	1.02499
8370.863	1.05805
8371.863	1.09241
8372.863	1.12411
8373.863	1.14887
8374.863	1.16275
8375.863	1.16132
8376.863	1.14681
8377.863	1.12429
8378.863	1.09921
8379.863	1.07599
8380.863	1.05965
8381.863	1.05053
8382.863	1.04698
8383.863	1.04636
8384.863	1.04699
8385.863	1.04701
8386.863	1.04585
8387.863	1.0439
8388.863	1.04062
8389.863	1.03641
8390.863	1.03135
8391.863	1.02558
8392.863	1.0182
8393.863	1.00923
8394.863	0.99842
8395.863	0.98596
8396.863	0.97268
8397.863	0.96101
8398.863	0.95309
8399.863	0.95135
8400.863	0.95682
8401.863	0.96746
8402.863	0.97917
8403.863	0.98814
8404.863	0.98967
8405.863	0.98076
8406.863	0.9639
8407.863	0.94433
8408.863	0.92644
8409.863	0.91549
8410.863	0.91566
8411.863	0.92616
8412.863	0.94324
8413.863	0.96397
8414.863	0.98512
8415.863	1.00403
8416.863	1.0186
8417.863	1.02824
8418.863	1.03205
8419.863	1.02942
8420.863	1.01945
8421.863	1.00588
8422.863	0.9935
8423.863	0.98742
8424.863	0.99183
8425.863	1.0105
8426.863	1.03937
8427.863	1.07205
8428.863	1.10118
8429.863	1.12036
8430.863	1.12418
8431.863	1.11465
8432.863	1.09512
8433.863	1.06994
8434.863	1.04316
8435.863	1.01879
8436.863	0.99821
8437.863	0.98326
8438.863	0.97544
8439.863	0.97654
8440.863	0.98688
8441.863	1.00488
8442.863	1.02778
8443.863	1.05317
8444.863	1.07766
8445.863	1.09901
8446.863	1.1155
8447.863	1.12604
8448.863	1.12846
8449.863	1.12164
8450.863	1.10504
8451.863	1.08233
8452.863	1.05727
8453.863	1.03461
8454.863	1.01878
8455.863	1.0131
8456.863	1.01412
8457.863	1.01783
8458.863	1.01988
8459.863	1.01627
8460.863	1.00342
8461.863	0.98423
8462.863	0.9626
8463.863	0.94273
8464.863	0.92796
8465.863	0.92126
8466.863	0.92075
8467.863	0.92377
8468.863	0.92681
8469.863	0.92722
8470.863	0.92337
8471.863	0.91851
8472.863	0.91608
8473.863	0.92034
8474.863	0.93531
8475.863	0.96333
8476.863	0.99945
8477.863	1.03823
8478.863	1.07394
8479.863	1.10121
8480.863	1.11576
8481.863	1.1211
8482.863	1.12175
8483.863	1.12259
8484.863	1.12743
8485.863	1.13932
8486.863	1.15547
8487.863	1.1724
8488.863	1.18558
8489.863	1.19151
8490.863	1.18777
8491.863	1.17629
8492.863	1.1586
8493.863	1.13737
8494.863	1.11488
8495.863	1.09362
8496.863	1.07469
8497.863	1.06017
8498.863	1.0518
8499.863	1.05164
8500.863	1.05915
8501.863	1.07059
8502.863	1.08123
8503.863	1.08667
8504.863	1.08149
8505.863	1.06375
8506.863	1.03715
8507.863	1.00665
8508.863	0.97622
8509.863	0.95082
8510.863	0.93378
8511.863	0.92563
8512.863	0.92563
8513.863	0.9339
8514.863	0.95054
8515.863	0.97384
8516.863	1.00085
8517.863	1.02804
8518.863	1.05221
8519.863	1.06918
8520.863	1.07764
8521.863	1.07999
8522.863	1.07949
8523.863	1.07839
8524.863	1.07993
8525.863	1.08566
8526.863	1.09467
8527.863	1.10466
8528.863	1.1144
8529.863	1.12228
8530.863	1.12754
8531.863	1.12927
8532.863	1.12774
8533.863	1.12283
8534.863	1.11481
8535.863	1.10345
8536.863	1.09065
8537.863	1.07804
8538.863	1.06762
8539.863	1.06033
8540.863	1.05697
8541.863	1.05592
8542.863	1.05566
8543.863	1.0537
8544.863	1.04852
8545.863	1.03926
8546.863	1.02693
8547.863	1.01173
8548.863	0.99484
8549.863	0.97743
8550.863	0.96041
8551.863	0.94668
8552.863	0.93895
8553.863	0.94019
8554.863	0.95247
8555.863	0.97589
8556.863	1.00589
8557.863	1.03789
8558.863	1.06633
8559.863	1.08665
8560.863	1.09687
8561.863	1.09957
8562.863	1.09658
8563.863	1.0908
8564.863	1.08477
8565.863	1.08017
8566.863	1.07606
8567.863	1.0724
8568.863	1.06912
8569.863	1.06519
8570.863	1.06138
8571.863	1.05916
8572.863	1.06042
8573.863	1.06605
8574.863	1.07786
8575.863	1.09504
8576.863	1.11421
8577.863	1.13071
8578.863	1.14097
8579.863	1.14113
8580.863	1.13151
8581.863	1.11586
8582.863	1.09931
8583.863	1.08663
8584.863	1.08283
8585.863	1.0883
8586.863	1.10039
8587.863	1.1162
8588.863	1.13177
8589.863	1.14423
8590.863	1.15179
8591.863	1.15456
8592.863	1.15163
8593.863	1.14317
8594.863	1.1291
8595.863	1.11129
8596.863	1.09233
8597.863	1.07593
8598.863	1.06549
8599.863	1.06457
8600.863	1.07201
8601.863	1.08401
8602.863	1.09656
8603.863	1.10464
8604.863	1.10443
8605.863	1.09592
8606.863	1.08344
8607.863	1.07044
8608.863	1.0614
8609.863	1.06027
8610.863	1.06707
8611.863	1.07687
8612.863	1.08564
8613.863	1.08897
8614.863	1.08306
8615.863	1.06746
8616.863	1.04664
8617.863	1.02519
8618.863	1.00671
8619.863	0.99567
8620.863	0.99352
8621.863	0.99985
8622.863	1.01319
8623.863	1.03305
8624.863	1.05851
8625.863	1.08757
8626.863	1.11604
8627.863	1.1407
8628.863	1.1584
8629.863	1.16501
8630.863	1.16048
8631.863	1.1466
8632.863	1.12559
8633.863	1.09858
8634.863	1.06782
8635.863	1.03557
8636.863	1.00471
8637.863	0.97713
8638.863	0.95572
8639.863	0.94317
8640.863	0.93922
8641.863	0.94304
8642.863	0.95349
8643.863	0.96973
8644.863	0.98993
8645.863	1.01237
8646.863	1.03448
8647.863	1.05403
8648.863	1.06776
8649.863	1.07368
8650.863	1.0729
8651.863	1.06746
8652.863	1.06045
8653.863	1.05465
8654.863	1.05288
8655.863	1.05396
8656.863	1.05591
8657.863	1.0567
8658.863	1.05331
8659.863	1.04397
8660.863	1.02924
8661.863	1.01154
8662.863	0.99231
8663.863	0.97402
8664.863	0.95863
8665.863	0.94687
8666.863	0.93775
8667.863	0.93118
8668.863	0.92705
8669.863	0.92446
8670.863	0.92443
8671.863	0.92815
8672.863	0.93717
8673.863	0.95211
8674.863	0.97402
8675.863	1.0
8676.863	1.02419
8677.863	1.04167
8678.863	1.04718
8679.863	1.03678
8680.863	1.01346
8681.863	0.98503
8682.863	0.95932
8683.863	0.94322
8684.863	0.94358
8685.863	0.95946
8686.863	0.9868
8687.863	1.02058
8688.863	1.05672
8689.863	1.091
8690.863	1.1209
8691.863	1.14341
8692.863	1.15657
8693.863	1.15848
8694.863	1.14675
8695.863	1.12471
8696.863	1.09721
8697.863	1.06948
8698.863	1.04569
8699.863	1.03037
8700.863	1.02353
8701.863	1.02242
8702.863	1.02527
8703.863	1.02999
8704.863	1.03499
8705.863	1.03874
8706.863	1.04114
8707.863	1.04211
8708.863	1.0405
8709.863	1.03627
8710.863	1.0293
8711.863	1.01993
8712.863	1.00746
8713.863	0.99222
8714.863	0.97494
8715.863	0.95758
8716.863	0.94386
8717.863	0.93746
8718.863	0.94118
8719.863	0.95765
8720.863	0.98374
8721.863	1.01492
8722.863	1.04563
8723.863	1.07128
8724.863	1.08823
8725.863	1.09613
8726.863	1.09703
8727.863	1.09265
8728.863	1.08505
8729.863	1.07503
8730.863	1.0635
8731.863	1.0511
8732.863	1.03742
8733.863	1.02309
8734.863	1.00853
8735.863	0.99504
8736.863	0.98306
8737.863	0.97404
8738.863	0.96942
8739.863	0.96934
8740.863	0.97355
8741.863	0.9814
8742.863	0.9913
8743.863	1.00262
8744.863	1.01414
8745.863	1.02394
8746.863	1.02884
8747.863	1.02665
8748.863	1.01519
8749.863	0.99272
8750.863	0.96404
8751.863	0.93525
8752.863	0.91148
8753.863	0.89885
8754.863	0.90126
8755.863	0.91613
8756.863	0.93843
8757.863	0.96405
8758.863	0.9889
8759.863	1.00882
8760.863	1.02382
8761.863	1.03428
8762.863	1.04089
8763.863	1.04334
8764.863	1.04214
8765.863	1.0372
8766.863	1.02724
8767.863	1.01206
8768.863	0.9914
8769.863	0.96497
8770.863	0.9363
8771.863	0.90947
8772.863	0.88761
8773.863	0.8748
8774.863	0.87269
8775.863	0.87696
8776.863	0.8813
8777.863	0.88025
8778.863	0.86835
8779.863	0.84189
8780.863	0.80533
8781.863	0.76431
8782.863	0.72375
8783.863	0.68933
8784.863	0.66563
8785.863	0.65507
8786.863	0.6591
8787.863	0.67979
8788.863	0.71925
8789.863	0.77606
8790.863	0.84247
8791.863	0.90971
8792.863	0.9681
8793.863	1.00882
8794.863	1.02741
8795.863	1.02856
8796.863	1.01951
8797.863	1.00713
8798.863	0.99868
8799.863	0.99784
8800.863	1.0036
8801.863	1.01414
8802.863	1.02664
8803.863	1.03928
8804.863	1.0507
8805.863	1.05949
8806.863	1.0654
8807.863	1.0682
8808.863	1.06657
8809.863	1.06075
8810.863	1.05158
8811.863	1.04034
8812.863	1.0273
8813.863	1.01376
8814.863	1.00088
8815.863	0.98851
8816.863	0.97752
8817.863	0.96874
8818.863	0.96202
8819.863	0.95817
8820.863	0.95789
8821.863	0.96091
8822.863	0.96794
8823.863	0.97964
8824.863	0.99304
8825.863	1.00141
8826.863	0.99751
8827.863	0.97309
8828.863	0.92098
8829.863	0.84151
8830.863	0.74855
8831.863	0.65648
8832.863	0.58053
8833.863	0.53575
8834.863	0.52713
8835.863	0.54486
8836.863	0.57772
8837.863	0.61388
8838.863	0.64216
8839.863	0.65767
8840.863	0.66453
8841.863	0.66837
8842.863	0.67487
8843.863	0.68892
8844.863	0.71274
8845.863	0.74352
8846.863	0.7773
8847.863	0.81084
8848.863	0.84098
8849.863	0.86535
8850.863	0.88474
8851.863	0.90015
8852.863	0.91165
8853.863	0.92024
8854.863	0.9264
8855.863	0.93066
8856.863	0.93256
8857.863	0.93262
8858.863	0.93136
8859.863	0.92967
8860.863	0.93099
8861.863	0.93891
8862.863	0.95606
8863.863	0.98586
8864.863	1.02598
8865.863	1.06597
8866.863	1.09596
8867.863	1.10607
8868.863	1.08562
8869.863	1.0362
