3810	0.0261
3811	0.09566
3812	0.21326
3813	0.35611
3814	0.4859
3815	0.56468
3816	0.5555
3817	0.42996
3818	0.22132
3819	-0.00828
3820	-0.19776
3821	-0.2872
3822	-0.22695
3823	-0.03935
3824	0.2206
3825	0.49861
3826	0.74137
3827	0.90284
3828	0.9836
3829	1.00448
3830	0.986
3831	0.94833
3832	0.90913
3833	0.87084
3834	0.82964
3835	0.78172
3836	0.72325
3837	0.65209
3838	0.5743
3839	0.49936
3840	0.43661
3841	0.39523
3842	0.38283
3843	0.39819
3844	0.43677
3845	0.49408
3846	0.56574
3847	0.64638
3848	0.72473
3849	0.78748
3850	0.82153
3851	0.81398
3852	0.75708
3853	0.67072
3854	0.58432
3855	0.52657
3856	0.52582
3857	0.60172
3858	0.73015
3859	0.87314
3860	0.99315
3861	1.05305
3862	1.02533
3863	0.92907
3864	0.79763
3865	0.66402
3866	0.56092
3867	0.51315
3868	0.5099
3869	0.52994
3870	0.5525
3871	0.55682
3872	0.52787
3873	0.47521
3874	0.41512
3875	0.36373
3876	0.33697
3877	0.34681
3878	0.38872
3879	0.45389
3880	0.53362
3881	0.61926
3882	0.70309
3883	0.78063
3884	0.84829
3885	0.90251
3886	0.93963
3887	0.9574
3888	0.95696
3889	0.94044
3890	0.90996
3891	0.86761
3892	0.81646
3893	0.76316
3894	0.7151
3895	0.67963
3896	0.66401
3897	0.67247
3898	0.69905
3899	0.73563
3900	0.77416
3901	0.80669
3902	0.82707
3903	0.83565
3904	0.83372
3905	0.82264
3906	0.80377
3907	0.77861
3908	0.74911
3909	0.71729
3910	0.68516
3911	0.6547
3912	0.62697
3913	0.60029
3914	0.57251
3915	0.54149
3916	0.50511
3917	0.463
3918	0.41953
3919	0.38005
3920	0.3497
3921	0.33361
3922	0.33419
3923	0.34663
3924	0.36498
3925	0.38333
3926	0.39585
3927	0.40125
3928	0.40983
3929	0.43356
3930	0.48435
3931	0.57394
3932	0.70507
3933	0.85878
3934	1.01304
3935	1.14586
3936	1.23593
3937	1.27147
3938	1.2635
3939	1.22612
3940	1.17333
3941	1.11898
3942	1.07225
3943	1.03227
3944	0.99687
3945	0.96387
3946	0.93113
3947	0.89752
3948	0.86408
3949	0.83208
3950	0.80279
3951	0.77735
3952	0.75644
3953	0.7388
3954	0.72314
3955	0.70816
3956	0.6926
3957	0.67692
3958	0.66492
3959	0.6607
3960	0.66835
3961	0.6919
3962	0.7339
3963	0.79422
3964	0.87243
3965	0.96814
3966	1.08086
3967	1.20452
3968	1.32319
3969	1.4206
3970	1.48009
3971	1.48551
3972	1.43453
3973	1.34749
3974	1.24677
3975	1.15452
3976	1.09255
3977	1.06909
3978	1.0711
3979	1.08382
3980	1.09255
3981	1.08288
3982	1.04931
3983	0.99966
3984	0.94264
3985	0.88732
3986	0.84217
3987	0.81098
3988	0.79054
3989	0.77716
3990	0.76717
3991	0.75699
3992	0.74576
3993	0.73635
3994	0.73187
3995	0.73544
3996	0.74961
3997	0.77278
3998	0.79617
3999	0.81093
4000	0.80817
4001	0.77949
4002	0.72652
4003	0.66405
4004	0.60752
4005	0.57201
4006	0.57223
4007	0.60761
4008	0.65955
4009	0.70836
4010	0.73475
4011	0.72024
4012	0.66403
4013	0.58598
4014	0.50685
4015	0.44702
4016	0.42636
4017	0.4488
4018	0.50106
4019	0.56888
4020	0.63829
4021	0.69577
4022	0.73554
4023	0.76038
4024	0.77336
4025	0.7776
4026	0.77595
4027	0.77225
4028	0.77102
4029	0.77645
4030	0.79304
4031	0.82486
4032	0.87025
4033	0.92163
4034	0.97136
4035	1.01219
4036	1.0371
4037	1.04338
4038	1.03313
4039	1.00806
4040	0.97028
4041	0.92204
4042	0.86862
4043	0.81871
4044	0.78059
4045	0.7628
4046	0.77317
4047	0.80845
4048	0.85686
4049	0.90604
4050	0.94403
4051	0.95958
4052	0.95059
4053	0.92285
4054	0.88231
4055	0.83453
4056	0.7853
4057	0.73737
4058	0.69183
4059	0.64971
4060	0.61175
4061	0.5789
4062	0.54985
4063	0.52216
4064	0.49335
4065	0.46078
4066	0.42242
4067	0.38161
4068	0.3452
4069	0.3203
4070	0.31374
4071	0.3316
4072	0.36942
4073	0.41571
4074	0.45914
4075	0.48824
4076	0.49298
4077	0.477
4078	0.45229
4079	0.43112
4080	0.42546
4081	0.44604
4082	0.48937
4083	0.54334
4084	0.59596
4085	0.63536
4086	0.65057
4087	0.64165
4088	0.61446
4089	0.57515
4090	0.5298
4091	0.48403
4092	0.44173
4093	0.40545
4094	0.37789
4095	0.36172
4096	0.35898
4097	0.36795
4098	0.38482
4099	0.40568
4100	0.42682
4101	0.44466
4102	0.45824
4103	0.46784
4104	0.47356
4105	0.47576
4106	0.47438
4107	0.46836
4108	0.45608
4109	0.43576
4110	0.40583
4111	0.36526
4112	0.31845
4113	0.27211
4114	0.23285
4115	0.20733
4116	0.20143
4117	0.21579
4118	0.24894
4119	0.29932
4120	0.36543
4121	0.44498
4122	0.52967
4123	0.60913
4124	0.67277
4125	0.71028
4126	0.71364
4127	0.68856
4128	0.64651
4129	0.59856
4130	0.55595
4131	0.52817
4132	0.51435
4133	0.51011
4134	0.51109
4135	0.51275
4136	0.51144
4137	0.50657
4138	0.49894
4139	0.48933
4140	0.47833
4141	0.46685
4142	0.45604
4143	0.44734
4144	0.44221
4145	0.4419
4146	0.44755
4147	0.45873
4148	0.47434
4149	0.49355
4150	0.51528
4151	0.5382
4152	0.55892
4153	0.57326
4154	0.57729
4155	0.56685
4156	0.53981
4157	0.50219
4158	0.46219
4159	0.4282
4160	0.40832
4161	0.40842
4162	0.42414
4163	0.44817
4164	0.47333
4165	0.49259
4166	0.5005
4167	0.49922
4168	0.49263
4169	0.48464
4170	0.47929
4171	0.47953
4172	0.48516
4173	0.49488
4174	0.50767
4175	0.52231
4176	0.53667
4177	0.54535
4178	0.54189
4179	0.52015
4180	0.4738
4181	0.40102
4182	0.31591
4183	0.23585
4184	0.17825
4185	0.16037
4186	0.19268
4187	0.26303
4188	0.3545
4189	0.45037
4190	0.53382
4191	0.592
4192	0.62369
4193	0.62999
4194	0.61224
4195	0.57146
4196	0.51228
4197	0.44906
4198	0.39805
4199	0.37558
4200	0.39769
4201	0.47141
4202	0.57731
4203	0.69126
4204	0.78952
4205	0.84809
4206	0.85276
4207	0.81447
4208	0.74884
4209	0.67112
4210	0.5965
4211	0.53585
4212	0.48787
4213	0.44966
4214	0.41803
4215	0.39016
4216	0.36508
4217	0.34707
4218	0.34119
4219	0.35244
4220	0.38581
4221	0.44206
4222	0.5119
4223	0.58486
4224	0.65033
4225	0.69782
4226	0.72233
4227	0.73101
4228	0.73264
4229	0.73587
4230	0.74958
4231	0.78056
4232	0.83185
4233	0.90599
4234	1.00552
4235	1.1329
4236	1.28261
4237	1.43274
4238	1.56004
4239	1.64082
4240	1.65183
4241	1.58572
4242	1.46593
4243	1.31933
4244	1.17265
4245	1.05227
4246	0.97195
4247	0.92104
4248	0.88654
4249	0.85547
4250	0.81502
4251	0.75931
4252	0.69472
4253	0.62876
4254	0.56915
4255	0.52327
4256	0.49502
4257	0.48233
4258	0.48256
4259	0.49307
4260	0.51127
4261	0.53428
4262	0.5591
4263	0.58253
4264	0.60141
4265	0.61264
4266	0.61519
4267	0.61126
4268	0.60329
4269	0.59366
4270	0.58497
4271	0.57884
4272	0.57588
4273	0.57665
4274	0.58167
4275	0.59144
4276	0.60444
4277	0.6167
4278	0.62383
4279	0.62153
4280	0.60566
4281	0.57853
4282	0.55101
4283	0.53451
4284	0.54036
4285	0.57969
4286	0.6505
4287	0.73436
4288	0.81188
4289	0.86369
4290	0.87107
4291	0.83373
4292	0.77376
4293	0.71483
4294	0.6802
4295	0.69254
4296	0.7546
4297	0.84607
4298	0.9454
4299	1.0311
4300	1.08215
4301	1.09264
4302	1.07258
4303	1.03295
4304	0.98466
4305	0.93847
4306	0.90147
4307	0.87688
4308	0.86762
4309	0.87693
4310	0.90728
4311	0.95106
4312	0.99034
4313	1.00679
4314	0.98214
4315	0.89916
4316	0.76475
4317	0.60842
4318	0.46065
4319	0.35182
4320	0.31093
4321	0.34107
4322	0.42138
4323	0.53009
4324	0.64568
4325	0.74711
4326	0.82431
4327	0.87682
4328	0.90454
4329	0.90735
4330	0.88544
4331	0.84397
4332	0.79276
4333	0.74136
4334	0.69943
4335	0.67612
4336	0.67286
4337	0.68487
4338	0.70721
4339	0.73487
4340	0.76329
4341	0.79021
4342	0.8154
4343	0.83872
4344	0.86
4345	0.87898
4346	0.89391
4347	0.90182
4348	0.90008
4349	0.88572
4350	0.85613
4351	0.81174
4352	0.75511
4353	0.68885
4354	0.61547
4355	0.53799
4356	0.46212
4357	0.39567
4358	0.34645
4359	0.32227
4360	0.33007
4361	0.36734
4362	0.42548
4363	0.49595
4364	0.57011
4365	0.63971
4366	0.70027
4367	0.7496
4368	0.78556
4369	0.80599
4370	0.80898
4371	0.79599
4372	0.77004
4373	0.73421
4374	0.69162
4375	0.64571
4376	0.60366
4377	0.57464
4378	0.56777
4379	0.59236
4380	0.65551
4381	0.74698
4382	0.84726
4383	0.93682
4384	0.99621
4385	1.0087
4386	0.98051
4387	0.9299
4388	0.87477
4389	0.83307
4390	0.82061
4391	0.83602
4392	0.86968
4393	0.91182
4394	0.95305
4395	0.98453
4396	1.00405
4397	1.01236
4398	1.01028
4399	0.99859
4400	0.9784
4401	0.95303
4402	0.92721
4403	0.90525
4404	0.89159
4405	0.88984
4406	0.89802
4407	0.91183
4408	0.92699
4409	0.93909
4410	0.94447
4411	0.94149
4412	0.92956
4413	0.9081
4414	0.87651
4415	0.83457
4416	0.78416
4417	0.72783
4418	0.66847
4419	0.60862
4420	0.551
4421	0.49874
4422	0.45508
4423	0.42326
4424	0.40651
4425	0.40707
4426	0.42221
4427	0.44731
4428	0.47782
4429	0.50917
4430	0.53738
4431	0.56129
4432	0.58066
4433	0.59517
4434	0.60473
4435	0.60938
4436	0.6109
4437	0.61158
4438	0.61374
4439	0.61965
4440	0.6312
4441	0.64894
4442	0.67271
4443	0.70246
4444	0.73811
4445	0.77862
4446	0.81863
4447	0.85159
4448	0.87083
4449	0.87007
4450	0.84576
4451	0.80736
4452	0.76773
4453	0.73972
4454	0.7361
4455	0.7655
4456	0.8198
4457	0.88705
4458	0.95505
4459	1.01171
4460	1.04684
4461	1.0574
4462	1.04202
4463	0.99936
4464	0.92794
4465	0.8301
4466	0.72019
4467	0.61546
4468	0.53311
4469	0.49028
4470	0.49705
4471	0.53935
4472	0.5979
4473	0.6537
4474	0.68759
4475	0.68711
4476	0.66116
4477	0.62324
4478	0.58654
4479	0.56429
4480	0.56527
4481	0.58434
4482	0.61399
4483	0.64648
4484	0.67418
4485	0.69122
4486	0.6975
4487	0.69362
4488	0.68027
4489	0.65805
4490	0.62886
4491	0.5972
4492	0.56806
4493	0.54665
4494	0.53788
4495	0.54407
4496	0.55987
4497	0.57866
4498	0.5941
4499	0.59962
4500	0.59108
4501	0.57008
4502	0.53936
4503	0.50142
4504	0.45883
4505	0.41487
4506	0.37481
4507	0.34402
4508	0.32789
4509	0.33174
4510	0.35651
4511	0.39265
4512	0.4292
4513	0.45539
4514	0.46035
4515	0.44041
4516	0.40732
4517	0.37503
4518	0.35727
4519	0.36774
4520	0.41179
4521	0.4778
4522	0.55187
4523	0.62021
4524	0.66902
4525	0.69174
4526	0.69531
4527	0.68824
4528	0.67931
4529	0.67696
4530	0.686
4531	0.70417
4532	0.72873
4533	0.75667
4534	0.78507
4535	0.8109
4536	0.83139
4537	0.84349
4538	0.84411
4539	0.83058
4540	0.80327
4541	0.76842
4542	0.73275
4543	0.70326
4544	0.68654
4545	0.68448
4546	0.69102
4547	0.69963
4548	0.70357
4549	0.69624
4550	0.67637
4551	0.65129
4552	0.62877
4553	0.61658
4554	0.62259
4555	0.64781
4556	0.68355
4557	0.72021
4558	0.74854
4559	0.75914
4560	0.74986
4561	0.72849
4562	0.7039
4563	0.68463
4564	0.67915
4565	0.68943
4566	0.70902
4567	0.73058
4568	0.74682
4569	0.75086
4570	0.7406
4571	0.72062
4572	0.69579
4573	0.67129
4574	0.65189
4575	0.6393
4576	0.63128
4577	0.62556
4578	0.61967
4579	0.61127
4580	0.60013
4581	0.58882
4582	0.57985
4583	0.57568
4584	0.57893
4585	0.58917
4586	0.60287
4587	0.61624
4588	0.62578
4589	0.62785
4590	0.62236
4591	0.61284
4592	0.60328
4593	0.59736
4594	0.59876
4595	0.60831
4596	0.62428
4597	0.64455
4598	0.66699
4599	0.68982
4600	0.71231
4601	0.73508
4602	0.75874
4603	0.78418
4604	0.81187
4605	0.83969
4606	0.86291
4607	0.87704
4608	0.87728
4609	0.85921
4610	0.82372
4611	0.77692
4612	0.72474
4613	0.67311
4614	0.62809
4615	0.5931
4616	0.56963
4617	0.55903
4618	0.56286
4619	0.58214
4620	0.61278
4621	0.64632
4622	0.67447
4623	0.68871
4624	0.68109
4625	0.65292
4626	0.61226
4627	0.56746
4628	0.52673
4629	0.49816
4630	0.48407
4631	0.48271
4632	0.49219
4633	0.51082
4634	0.53671
4635	0.56821
4636	0.60367
4637	0.6417
4638	0.68066
4639	0.71888
4640	0.75446
4641	0.7849
4642	0.8078
4643	0.82062
4644	0.82156
4645	0.81298
4646	0.80025
4647	0.78868
4648	0.78389
4649	0.79053
4650	0.80634
4651	0.82454
4652	0.83865
4653	0.84188
4654	0.82822
4655	0.80045
4656	0.76598
4657	0.73238
4658	0.70713
4659	0.69729
4660	0.703
4661	0.72073
4662	0.74682
4663	0.77792
4664	0.8104
4665	0.84095
4666	0.86621
4667	0.88321
4668	0.88863
4669	0.87959
4670	0.85752
4671	0.8255
4672	0.78674
4673	0.74434
4674	0.70181
4675	0.66332
4676	0.63356
4677	0.61716
4678	0.61897
4679	0.64248
4680	0.68246
4681	0.72949
4682	0.77443
4683	0.8079
4684	0.82187
4685	0.81892
4686	0.80584
4687	0.78954
4688	0.77682
4689	0.77379
4690	0.77941
4691	0.78984
4692	0.80115
4693	0.80971
4694	0.81224
4695	0.80976
4696	0.8049
4697	0.80059
4698	0.79946
4699	0.80364
4700	0.81268
4701	0.82465
4702	0.83777
4703	0.85011
4704	0.86003
4705	0.86495
4706	0.86223
4707	0.8491
4708	0.82317
4709	0.78287
4710	0.73336
4711	0.68244
4712	0.63755
4713	0.60626
4714	0.59453
4715	0.6007
4716	0.62028
4717	0.64885
4718	0.68191
4719	0.71543
4720	0.74595
4721	0.7704
4722	0.78558
4723	0.78867
4724	0.77798
4725	0.75901
4726	0.73973
4727	0.72774
4728	0.73075
4729	0.7536
4730	0.78894
4731	0.82557
4732	0.85244
4733	0.85839
4734	0.83625
4735	0.79398
4736	0.74381
4737	0.69787
4738	0.66854
4739	0.66427
4740	0.67877
4741	0.70227
4742	0.72475
4743	0.7363
4744	0.73004
4745	0.71154
4746	0.68898
4747	0.67064
4748	0.66466
4749	0.67642
4750	0.69974
4751	0.72599
4752	0.74645
4753	0.7527
4754	0.73955
4755	0.71393
4756	0.68573
4757	0.6645
4758	0.65988
4759	0.67764
4760	0.71129
4761	0.75151
4762	0.7891
4763	0.81475
4764	0.82237
4765	0.81452
4766	0.79564
4767	0.77008
4768	0.74246
4769	0.7158
4770	0.68933
4771	0.66181
4772	0.63173
4773	0.5977
4774	0.56053
4775	0.52785
4776	0.50817
4777	0.51009
4778	0.54208
4779	0.60714
4780	0.69265
4781	0.78351
4782	0.86454
4783	0.92093
4784	0.94344
4785	0.93793
4786	0.913
4787	0.87685
4788	0.8378
4789	0.80132
4790	0.7666
4791	0.7315
4792	0.69398
4793	0.65195
4794	0.60603
4795	0.56231
4796	0.5277
4797	0.50933
4798	0.51406
4799	0.54492
4800	0.59627
4801	0.66155
4802	0.73398
4803	0.80688
4804	0.87432
4805	0.93251
4806	0.97758
4807	1.00574
4808	1.01313
4809	0.99965
4810	0.97148
4811	0.93565
4812	0.89954
4813	0.87009
4814	0.85099
4815	0.83933
4816	0.83182
4817	0.82481
4818	0.81483
4819	0.80008
4820	0.78248
4821	0.76393
4822	0.74646
4823	0.73197
4824	0.72177
4825	0.71527
4826	0.71173
4827	0.71071
4828	0.71147
4829	0.71414
4830	0.71999
4831	0.73072
4832	0.74769
4833	0.77237
4834	0.80398
4835	0.83873
4836	0.8722
4837	0.90011
4838	0.91809
4839	0.925
4840	0.92362
4841	0.91707
4842	0.90887
4843	0.90209
4844	0.89822
4845	0.89612
4846	0.89484
4847	0.89307
4848	0.88963
4849	0.88462
4850	0.88039
4851	0.87909
4852	0.88294
4853	0.89402
4854	0.91291
4855	0.93739
4856	0.96502
4857	0.99383
4858	1.02137
4859	1.04417
4860	1.05717
4861	1.05564
4862	1.03442
4863	0.98875
4864	0.9211
4865	0.84323
4866	0.767
4867	0.70427
4868	0.6669
4869	0.65793
4870	0.6707
4871	0.69793
4872	0.73263
4873	0.7676
4874	0.79668
4875	0.81468
4876	0.81681
4877	0.79796
4878	0.75349
4879	0.68798
4880	0.61608
4881	0.55254
4882	0.51214
4883	0.50924
4884	0.5445
4885	0.60513
4886	0.67766
4887	0.74893
4888	0.80587
4889	0.84263
4890	0.86008
4891	0.85975
4892	0.84277
4893	0.81056
4894	0.76729
4895	0.72012
4896	0.67597
4897	0.64175
4898	0.62434
4899	0.62532
4900	0.64189
4901	0.67106
4902	0.71008
4903	0.7559
4904	0.80454
4905	0.85101
4906	0.8907
4907	0.91864
4908	0.93027
4909	0.92527
4910	0.90721
4911	0.87939
4912	0.84506
4913	0.80785
4914	0.77051
4915	0.73555
4916	0.70537
4917	0.68266
4918	0.6697
4919	0.66728
4920	0.67494
4921	0.69247
4922	0.7194
4923	0.75505
4924	0.79514
4925	0.83325
4926	0.86261
4927	0.87643
4928	0.86911
4929	0.84418
4930	0.81163
4931	0.78143
4932	0.76385
4933	0.76791
4934	0.79248
4935	0.82978
4936	0.8723
4937	0.91222
4938	0.94237
4939	0.96119
4940	0.97097
4941	0.97367
4942	0.97122
4943	0.96591
4944	0.95901
4945	0.95162
4946	0.94465
4947	0.93946
4948	0.93677
4949	0.93543
4950	0.93311
4951	0.92784
4952	0.91727
4953	0.89945
4954	0.87663
4955	0.85257
4956	0.83121
4957	0.81636
4958	0.81161
4959	0.81562
4960	0.82488
4961	0.83573
4962	0.8449
4963	0.84924
4964	0.84959
4965	0.84849
4966	0.84887
4967	0.85328
4968	0.86381
4969	0.87938
4970	0.89698
4971	0.91369
4972	0.92647
4973	0.93315
4974	0.93433
4975	0.93211
4976	0.92846
4977	0.92577
4978	0.92563
4979	0.92738
4980	0.92922
4981	0.92978
4982	0.92726
4983	0.92015
4984	0.90897
4985	0.89454
4986	0.87776
4987	0.85945
4988	0.84094
4989	0.82417
4990	0.81158
4991	0.8055
4992	0.80857
4993	0.82249
4994	0.84558
4995	0.87477
4996	0.9074
4997	0.94041
4998	0.97072
4999	0.99543
5000	1.01118
5001	1.01475
5002	1.00276
5003	0.9738
5004	0.9337
5005	0.89093
5006	0.85379
5007	0.83093
5008	0.82858
5009	0.84311
5010	0.86771
5011	0.89599
5012	0.92117
5013	0.93744
5014	0.94374
5015	0.93988
5016	0.92579
5017	0.90128
5018	0.86772
5019	0.83119
5020	0.79933
5021	0.7796
5022	0.77984
5023	0.80457
5024	0.8462
5025	0.89388
5026	0.93714
5027	0.96517
5028	0.97023
5029	0.95717
5030	0.93341
5031	0.90649
5032	0.88381
5033	0.87147
5034	0.86893
5035	0.87431
5036	0.88559
5037	0.90115
5038	0.91895
5039	0.9368
5040	0.95287
5041	0.96494
5042	0.97093
5043	0.96948
5044	0.96255
5045	0.95231
5046	0.94104
5047	0.9309
5048	0.92399
5049	0.92057
5050	0.92074
5051	0.92446
5052	0.93208
5053	0.94294
5054	0.95437
5055	0.96379
5056	0.9682
5057	0.96477
5058	0.95188
5059	0.9324
5060	0.90944
5061	0.88628
5062	0.86604
5063	0.85139
5064	0.84226
5065	0.83831
5066	0.8391
5067	0.84454
5068	0.85434
5069	0.86877
5070	0.88814
5071	0.91278
5072	0.94289
5073	0.97747
5074	1.01122
5075	1.03838
5076	1.05318
5077	1.04991
5078	1.02695
5079	0.9932
5080	0.95858
5081	0.93311
5082	0.92675
5083	0.94397
5084	0.97659
5085	1.01516
5086	1.04987
5087	1.07106
5088	1.07378
5089	1.06298
5090	1.0454
5091	1.02725
5092	1.01489
5093	1.01141
5094	1.01321
5095	1.0157
5096	1.0148
5097	1.00596
5098	0.98775
5099	0.96445
5100	0.94084
5101	0.92211
5102	0.91301
5103	0.91539
5104	0.92551
5105	0.93903
5106	0.95149
5107	0.95887
5108	0.95885
5109	0.95298
5110	0.94322
5111	0.93136
5112	0.91961
5113	0.90975
5114	0.90365
5115	0.90317
5116	0.91004
5117	0.92635
5118	0.95148
5119	0.98126
5120	1.01118
5121	1.03659
5122	1.05335
5123	1.05998
5124	1.0599
5125	1.05692
5126	1.05471
5127	1.05734
5128	1.06598
5129	1.07845
5130	1.09228
5131	1.10482
5132	1.11397
5133	1.11852
5134	1.11933
5135	1.11741
5136	1.1136
5137	1.10923
5138	1.10448
5139	1.0988
5140	1.09163
5141	1.0822
5142	1.07027
5143	1.05505
5144	1.03586
5145	1.01189
5146	0.98275
5147	0.9477
5148	0.90845
5149	0.86959
5150	0.83573
5151	0.81185
5152	0.80241
5153	0.80808
5154	0.8248
5155	0.84862
5156	0.87524
5157	0.90058
5158	0.9228
5159	0.94242
5160	0.96053
5161	0.9778
5162	0.99495
5163	1.01099
5164	1.02367
5165	1.03024
5166	1.02808
5167	1.01479
5168	0.99237
5169	0.96799
5170	0.94853
5171	0.94101
5172	0.95192
5173	0.97957
5174	1.01351
5175	1.04308
5176	1.05752
5177	1.04713
5178	1.01331
5179	0.96844
5180	0.92514
5181	0.89641
5182	0.89416
5183	0.91826
5184	0.95778
5185	1.00124
5186	1.03766
5187	1.05622
5188	1.05598
5189	1.04417
5190	1.02876
5191	1.01719
5192	1.01662
5193	1.02671
5194	1.04165
5195	1.05499
5196	1.06046
5197	1.05209
5198	1.03119
5199	1.00388
5200	0.97656
5201	0.95547
5202	0.94686
5203	0.95089
5204	0.96368
5205	0.98111
5206	0.99949
5207	1.01492
5208	1.02623
5209	1.03392
5210	1.03899
5211	1.04199
5212	1.04365
5213	1.04495
5214	1.04764
5215	1.053
5216	1.06247
5217	1.07705
5218	1.09525
5219	1.11316
5220	1.12701
5221	1.13288
5222	1.12768
5223	1.11155
5224	1.08705
5225	1.05665
5226	1.02325
5227	0.98933
5228	0.95787
5229	0.93252
5230	0.91651
5231	0.91321
5232	0.92524
5233	0.94984
5234	0.98061
5235	1.01125
5236	1.03531
5237	1.04747
5238	1.04765
5239	1.03899
5240	1.0245
5241	1.00766
5242	0.99132
5243	0.97714
5244	0.9666
5245	0.9607
5246	0.96061
5247	0.96711
5248	0.97956
5249	0.99599
5250	1.01459
5251	1.03338
5252	1.05097
5253	1.06641
5254	1.0791
5255	1.08897
5256	1.09545
5257	1.09816
5258	1.09672
5259	1.09134
5260	1.08173
5261	1.06777
5262	1.04954
5263	1.03008
5264	1.01297
5265	1.00183
5266	1.00069
5267	1.0124
5268	1.03511
5269	1.06487
5270	1.09824
5271	1.13128
5272	1.16033
5273	1.18216
5274	1.19431
5275	1.1938
5276	1.17765
5277	1.14459
5278	1.09963
5279	1.05038
5280	1.00432
5281	0.96938
5282	0.95119
5283	0.94559
5284	0.94545
5285	0.94322
5286	0.93153
5287	0.90483
5288	0.8684
5289	0.83045
5290	0.79923
5291	0.78332
5292	0.78903
5293	0.81336
5294	0.85025
5295	0.89402
5296	0.93865
5297	0.97892
5298	1.01274
5299	1.03942
5300	1.05784
5301	1.06685
5302	1.06642
5303	1.0588
5304	1.04717
5305	1.03455
5306	1.02443
5307	1.01909
5308	1.01775
5309	1.01927
5310	1.02206
5311	1.02469
5312	1.02575
5313	1.02519
5314	1.02267
5315	1.01786
5316	1.01089
5317	1.00202
5318	0.99388
5319	0.98945
5320	0.99219
5321	1.00509
5322	1.02936
5323	1.06032
5324	1.09138
5325	1.11609
5326	1.12787
5327	1.12295
5328	1.10497
5329	1.07945
5330	1.05171
5331	1.02759
5332	1.01117
5333	1.00258
5334	1.00159
5335	1.0075
5336	1.01977
5337	1.03709
5338	1.05675
5339	1.07518
5340	1.08881
5341	1.0946
5342	1.09035
5343	1.07805
5344	1.06024
5345	1.03998
5346	1.01981
5347	1.00177
5348	0.98598
5349	0.97269
5350	0.96167
5351	0.95274
5352	0.94661
5353	0.94483
5354	0.94927
5355	0.96168
5356	0.98422
5357	1.01699
5358	1.05608
5359	1.09678
5360	1.1349
5361	1.16575
5362	1.18609
5363	1.19673
5364	1.19848
5365	1.1923
5366	1.17897
5367	1.16038
5368	1.13911
5369	1.11811
5370	1.10015
5371	1.08849
5372	1.08396
5373	1.08311
5374	1.08248
5375	1.07807
5376	1.0661
5377	1.04499
5378	1.01865
5379	0.99111
5380	0.96655
5381	0.94898
5382	0.94105
5383	0.94128
5384	0.94795
5385	0.95917
5386	0.9735
5387	0.98897
5388	1.0034
5389	1.01507
5390	1.02181
5391	1.0216
5392	1.01382
5393	1.00111
5394	0.98593
5395	0.97091
5396	0.95847
5397	0.95074
5398	0.94798
5399	0.95049
5400	0.95839
5401	0.97225
5402	0.99113
5403	1.01242
5404	1.03321
5405	1.05106
5406	1.0631
5407	1.06817
5408	1.06744
5409	1.06277
5410	1.05554
5411	1.04724
5412	1.03855
5413	1.02957
5414	1.01981
5415	1.00896
5416	0.99658
5417	0.9838
5418	0.9729
5419	0.9664
5420	0.9667
5421	0.97656
5422	0.99585
5423	1.02124
5424	1.04896
5425	1.07578
5426	1.098
5427	1.11332
5428	1.12107
5429	1.12051
5430	1.11144
5431	1.09317
5432	1.06709
5433	1.03682
5434	1.00662
5435	0.98023
5436	0.9615
5437	0.95252
5438	0.95391
5439	0.96571
5440	0.98812
5441	1.02106
5442	1.06168
5443	1.10296
5444	1.13784
5445	1.15928
5446	1.16028
5447	1.14106
5448	1.10841
5449	1.06971
5450	1.03214
5451	1.00316
5452	0.98493
5453	0.97473
5454	0.96948
5455	0.96656
5456	0.96296
5457	0.95777
5458	0.9518
5459	0.94643
5460	0.94255
5461	0.94117
5462	0.94209
5463	0.94386
5464	0.94543
5465	0.94528
5466	0.94215
5467	0.93625
5468	0.92968
5469	0.92417
5470	0.92158
5471	0.92356
5472	0.93097
5473	0.94318
5474	0.95967
5475	0.9799
5476	1.00312
5477	1.02785
5478	1.0511
5479	1.07003
5480	1.08162
5481	1.08364
5482	1.07726
5483	1.06692
5484	1.05698
5485	1.05229
5486	1.05686
5487	1.0696
5488	1.08551
5489	1.09931
5490	1.10627
5491	1.10152
5492	1.08594
5493	1.06422
5494	1.04163
5495	1.02294
5496	1.01275
5497	1.01144
5498	1.01639
5499	1.02536
5500	1.03565
5501	1.04486
5502	1.05203
5503	1.05774
5504	1.06209
5505	1.06534
5506	1.06763
5507	1.06977
5508	1.0722
5509	1.07555
5510	1.08025
5511	1.08709
5512	1.0945
5513	1.1
5514	1.1011
5515	1.09512
5516	1.08064
5517	1.06284
5518	1.05112
5519	1.05476
5520	1.0835
5521	1.14515
5522	1.23415
5523	1.33732
5524	1.44208
5525	1.53526
5526	1.60489
5527	1.64762
5528	1.66546
5529	1.65969
5530	1.63184
5531	1.58382
5532	1.52034
5533	1.44841
5534	1.37424
5535	1.30431
5536	1.24422
5537	1.19492
5538	1.15422
5539	1.12014
5540	1.09054
5541	1.06406
5542	1.04069
5543	1.02146
5544	1.00728
5545	0.99949
5546	0.99878
5547	1.00441
5548	1.01482
5549	1.02892
5550	1.04513
5551	1.06182
5552	1.07581
5553	1.08388
5554	1.08231
5555	1.06756
5556	1.03696
5557	0.99496
5558	0.94809
5559	0.903
5560	0.86623
5561	0.84368
5562	0.83452
5563	0.83574
5564	0.8442
5565	0.85716
5566	0.87176
5567	0.88682
5568	0.90159
5569	0.91572
5570	0.92846
5571	0.93916
5572	0.94684
5573	0.95096
5574	0.9505
5575	0.94443
5576	0.93265
5577	0.91681
5578	0.89944
5579	0.8829
5580	0.87
5581	0.86296
5582	0.86334
5583	0.87233
5584	0.89155
5585	0.92219
5586	0.96415
5587	1.01067
5588	1.05359
5589	1.0843
5590	1.09417
5591	1.07788
5592	1.0416
5593	0.99494
5594	0.94734
5595	0.90871
5596	0.88653
5597	0.88049
5598	0.88806
5599	0.90716
5600	0.93527
5601	0.96955
5602	1.00629
5603	1.04105
5604	1.0695
5605	1.08717
5606	1.09176
5607	1.08661
5608	1.07663
5609	1.06657
5610	1.06171
5611	1.06504
5612	1.07339
5613	1.08279
5614	1.08872
5615	1.08685
5616	1.07436
5617	1.05453
5618	1.03129
5619	1.00876
5620	0.99086
5621	0.9811
5622	0.97955
5623	0.98573
5624	0.9996
5625	1.02067
5626	1.0482
5627	1.08008
5628	1.11448
5629	1.14909
5630	1.18156
5631	1.21036
5632	1.23412
5633	1.25178
5634	1.26207
5635	1.26432
5636	1.25853
5637	1.24815
5638	1.23782
5639	1.23157
5640	1.23362
5641	1.24548
5642	1.2627
5643	1.27922
5644	1.28914
5645	1.28639
5646	1.2682
5647	1.23775
5648	1.19925
5649	1.1575
5650	1.11666
5651	1.07994
5652	1.0476
5653	1.02002
5654	0.99705
5655	0.97855
5656	0.96489
5657	0.9559
5658	0.95161
5659	0.95188
5660	0.95703
5661	0.96596
5662	0.9755
5663	0.98271
5664	0.98417
5665	0.97665
5666	0.95913
5667	0.93592
5668	0.91144
5669	0.89026
5670	0.87681
5671	0.87439
5672	0.88289
5673	0.90187
5674	0.93132
5675	0.97079
5676	1.0189
5677	1.07218
5678	1.12744
5679	1.18099
5680	1.22916
5681	1.27195
5682	1.31422
5683	1.36158
5684	1.41939
5685	1.49365
5686	1.58435
5687	1.68283
5688	1.77931
5689	1.86485
5690	1.92975
5691	1.9682
5692	1.98167
5693	1.97126
5694	1.93835
5695	1.88406
5696	1.81197
5697	1.72703
5698	1.63443
5699	1.54019
5700	1.44943
5701	1.36559
5702	1.289
5703	1.2204
5704	1.15988
5705	1.10775
5706	1.06395
5707	1.02865
5708	1.00149
5709	0.98229
5710	0.97068
5711	0.96676
5712	0.97007
5713	0.98016
5714	0.99705
5715	1.02024
5716	1.04802
5717	1.07674
5718	1.10317
5719	1.12355
5720	1.13437
5721	1.13457
5722	1.12686
5723	1.11354
5724	1.09713
5725	1.07992
5726	1.06365
5727	1.04827
5728	1.03385
5729	1.02027
5730	1.00794
5731	0.9966
5732	0.98598
5733	0.97567
5734	0.96574
5735	0.95579
5736	0.9462
5737	0.93866
5738	0.93439
5739	0.93479
5740	0.94103
5741	0.9533
5742	0.96985
5743	0.98902
5744	1.00897
5745	1.02842
5746	1.04618
5747	1.06184
5748	1.07482
5749	1.0851
5750	1.0921
5751	1.09523
5752	1.09373
5753	1.08664
5754	1.07357
5755	1.05371
5756	1.02893
5757	1.00318
5758	0.98098
5759	0.96633
5760	0.96315
5761	0.97079
5762	0.98535
5763	1.00235
5764	1.01747
5765	1.02638
5766	1.0279
5767	1.02247
5768	1.01076
5769	0.99343
5770	0.97107
5771	0.94583
5772	0.92016
5773	0.89675
5774	0.87808
5775	0.867
5776	0.86418
5777	0.86917
5778	0.88135
5779	0.90055
5780	0.92601
5781	0.95537
5782	0.98503
5783	1.01119
5784	1.03057
5785	1.03968
5786	1.03915
5787	1.03219
5788	1.02191
5789	1.01192
5790	1.00509
5791	1.00194
5792	1.00116
5793	1.00195
5794	1.003
5795	1.00321
5796	1.0022
5797	0.99981
5798	0.99642
5799	0.99189
5800	0.98634
5801	0.98067
5802	0.97612
5803	0.97441
5804	0.97678
5805	0.9844
5806	0.99628
5807	1.01004
5808	1.02382
5809	1.03525
5810	1.04241
5811	1.04575
5812	1.04766
5813	1.04996
5814	1.05467
5815	1.06342
5816	1.07432
5817	1.08432
5818	1.08983
5819	1.08746
5820	1.07435
5821	1.05193
5822	1.02433
5823	0.99514
5824	0.96813
5825	0.94662
5826	0.9305
5827	0.91795
5828	0.90761
5829	0.89765
5830	0.88676
5831	0.87626
5832	0.86846
5833	0.86615
5834	0.87163
5835	0.88685
5836	0.9101
5837	0.93803
5838	0.96775
5839	0.9959
5840	1.01947
5841	1.03661
5842	1.04577
5843	1.04593
5844	1.03555
5845	1.01408
5846	0.98609
5847	0.95786
5848	0.93622
5849	0.92745
5850	0.93673
5851	0.96184
5852	0.9979
5853	1.03988
5854	1.08325
5855	1.12317
5856	1.15601
5857	1.17852
5858	1.18723
5859	1.17929
5860	1.15251
5861	1.11149
5862	1.06299
5863	1.01373
5864	0.97029
5865	0.9386
5866	0.91846
5867	0.90812
5868	0.90583
5869	0.90967
5870	0.91815
5871	0.92895
5872	0.9398
5873	0.94844
5874	0.95246
5875	0.95048
5876	0.94306
5877	0.93159
5878	0.91747
5879	0.9021
5880	0.88679
5881	0.87358
5882	0.86414
5883	0.86029
5884	0.86382
5885	0.87568
5886	0.89305
5887	0.91273
5888	0.93105
5889	0.94449
5890	0.95045
5891	0.94956
5892	0.94381
5893	0.93463
5894	0.92367
5895	0.91258
5896	0.90314
5897	0.89701
5898	0.89632
5899	0.90271
5900	0.91711
5901	0.93734
5902	0.96044
5903	0.98393
5904	1.00484
5905	1.02119
5906	1.03362
5907	1.04331
5908	1.05126
5909	1.05901
5910	1.06702
5911	1.07422
5912	1.07923
5913	1.08049
5914	1.07699
5915	1.06799
5916	1.05531
5917	1.04122
5918	1.02797
5919	1.01763
5920	1.01212
5921	1.01088
5922	1.01322
5923	1.01842
5924	1.02561
5925	1.03418
5926	1.04235
5927	1.04841
5928	1.05063
5929	1.0473
5930	1.03783
5931	1.0255
5932	1.01352
5933	1.00532
5934	1.00431
5935	1.0121
5936	1.027
5937	1.04625
5938	1.06724
5939	1.08736
5940	1.10408
5941	1.11596
5942	1.12111
5943	1.1178
5944	1.10431
5945	1.08093
5946	1.0521
5947	1.02336
5948	0.99973
5949	0.98634
5950	0.98528
5951	0.99213
5952	1.00216
5953	1.01017
5954	1.01112
5955	1.00249
5956	0.98647
5957	0.96633
5958	0.94486
5959	0.92498
5960	0.90936
5961	0.90022
5962	0.89954
5963	0.90977
5964	0.93288
5965	0.96766
5966	1.00701
5967	1.04305
5968	1.06842
5969	1.07532
5970	1.06168
5971	1.03495
5972	1.00332
5973	0.97553
5974	0.95969
5975	0.95947
5976	0.97097
5977	0.98944
5978	1.01065
5979	1.02985
5980	1.04416
5981	1.05323
5982	1.05673
5983	1.05493
5984	1.04751
5985	1.03492
5986	1.01841
5987	0.99913
5988	0.97876
5989	0.95844
5990	0.93963
5991	0.92399
5992	0.91305
5993	0.90879
5994	0.91268
5995	0.92495
5996	0.94382
5997	0.96726
5998	0.99372
5999	1.02116
6000	1.04784
6001	1.07201
6002	1.09252
6003	1.10763
6004	1.11586
6005	1.11721
6006	1.11337
6007	1.10673
6008	1.09907
6009	1.09236
6010	1.08752
6011	1.08403
6012	1.08193
6013	1.08063
6014	1.07978
6015	1.07897
6016	1.07857
6017	1.07839
6018	1.07841
6019	1.07862
6020	1.07864
6021	1.07845
6022	1.07747
6023	1.07529
6024	1.07135
6025	1.06678
6026	1.06321
6027	1.06254
6028	1.06668
6029	1.07722
6030	1.09419
6031	1.11492
6032	1.13683
6033	1.15711
6034	1.17369
6035	1.18552
6036	1.1933
6037	1.19762
6038	1.1997
6039	1.20005
6040	1.19848
6041	1.19392
6042	1.18507
6043	1.17126
6044	1.15131
6045	1.1262
6046	1.09841
6047	1.07108
6048	1.04674
6049	1.02803
6050	1.01617
6051	1.01186
6052	1.01522
6053	1.02654
6054	1.04579
6055	1.07071
6056	1.09639
6057	1.11802
6058	1.1306
6059	1.1301
6060	1.11726
6061	1.097
6062	1.07414
6063	1.05411
6064	1.04145
6065	1.03742
6066	1.04051
6067	1.04978
6068	1.06367
6069	1.08082
6070	1.09907
6071	1.1165
6072	1.13058
6073	1.13898
6074	1.13937
6075	1.13254
6076	1.12027
6077	1.10456
6078	1.08723
6079	1.07066
6080	1.05619
6081	1.04512
6082	1.03854
6083	1.03811
6084	1.04475
6085	1.05762
6086	1.07455
6087	1.09395
6088	1.11362
6089	1.13168
6090	1.14691
6091	1.15923
6092	1.16794
6093	1.17255
6094	1.17243
6095	1.16812
6096	1.15984
6097	1.14803
6098	1.13292
6099	1.11548
6100	1.09719
6101	1.08013
6102	1.06697
6103	1.05977
6104	1.06049
6105	1.06816
6106	1.08109
6107	1.097
6108	1.11378
6109	1.12926
6110	1.14267
6111	1.15304
6112	1.15961
6113	1.16138
6114	1.15827
6115	1.15137
6116	1.14284
6117	1.1346
6118	1.12921
6119	1.12827
6120	1.13121
6121	1.13625
6122	1.14224
6123	1.1474
6124	1.15015
6125	1.15095
6126	1.15019
6127	1.14845
6128	1.14611
6129	1.14413
6130	1.14245
6131	1.14106
6132	1.13974
6133	1.13893
6134	1.13828
6135	1.13695
6136	1.13364
6137	1.12765
6138	1.11768
6139	1.10301
6140	1.08495
6141	1.06615
6142	1.04869
6143	1.03463
6144	1.02636
6145	1.02434
6146	1.02881
6147	1.03978
6148	1.05786
6149	1.08246
6150	1.11018
6151	1.13642
6152	1.15724
6153	1.16805
6154	1.1656
6155	1.15168
6156	1.13028
6157	1.10476
6158	1.07869
6159	1.05506
6160	1.03583
6161	1.02187
6162	1.01426
6163	1.01389
6164	1.02158
6165	1.03483
6166	1.05063
6167	1.06573
6168	1.0775
6169	1.08358
6170	1.08514
6171	1.08483
6172	1.08472
6173	1.08706
6174	1.09327
6175	1.10278
6176	1.11385
6177	1.1249
6178	1.13416
6179	1.14085
6180	1.14488
6181	1.14666
6182	1.14638
6183	1.1449
6184	1.14253
6185	1.14028
6186	1.13904
6187	1.14032
6188	1.14502
6189	1.15352
6190	1.16362
6191	1.17328
6192	1.17984
6193	1.18082
6194	1.17461
6195	1.16366
6196	1.15039
6197	1.13745
6198	1.12728
6199	1.12208
6200	1.12074
6201	1.12193
6202	1.12407
6203	1.12623
6204	1.12733
6205	1.12793
6206	1.12882
6207	1.13059
6208	1.13446
6209	1.14069
6210	1.14886
6211	1.15819
6212	1.16852
6213	1.1791
6214	1.18915
6215	1.19724
6216	1.2025
6217	1.20343
6218	1.19871
6219	1.18801
6220	1.1745
6221	1.1611
6222	1.15097
6223	1.14702
6224	1.15091
6225	1.15915
6226	1.16784
6227	1.17309
6228	1.17078
6229	1.15945
6230	1.14137
6231	1.11959
6232	1.09699
6233	1.07702
6234	1.06176
6235	1.05178
6236	1.04747
6237	1.04901
6238	1.05716
6239	1.07111
6240	1.08831
6241	1.10574
6242	1.12102
6243	1.13116
6244	1.13479
6245	1.13331
6246	1.12819
6247	1.12154
6248	1.11485
6249	1.10959
6250	1.10664
6251	1.10749
6252	1.11298
6253	1.12415
6254	1.14077
6255	1.16022
6256	1.18028
6257	1.19811
6258	1.21109
6259	1.21778
6260	1.2185
6261	1.21443
6262	1.20608
6263	1.19417
6264	1.1801
6265	1.16604
6266	1.15492
6267	1.14901
6268	1.15074
6269	1.15981
6270	1.17148
6271	1.18135
6272	1.18437
6273	1.17576
6274	1.1548
6275	1.12641
6276	1.09657
6277	1.07065
6278	1.05413
6279	1.04926
6280	1.05359
6281	1.06496
6282	1.0806
6283	1.09796
6284	1.11468
6285	1.1287
6286	1.13777
6287	1.14028
6288	1.13403
6289	1.11961
6290	1.10075
6291	1.08122
6292	1.06538
6293	1.05689
6294	1.05667
6295	1.06208
6296	1.07031
6297	1.07829
6298	1.08368
6299	1.08571
6300	1.0863
6301	1.08753
6302	1.09145
6303	1.09988
6304	1.11381
6305	1.13205
6306	1.15352
6307	1.17715
6308	1.20181
6309	1.2252
6310	1.24356
6311	1.25374
6312	1.25193
6313	1.23473
6314	1.20359
6315	1.16481
6316	1.12465
6317	1.09005
6318	1.06708
6319	1.05782
6320	1.06029
6321	1.07235
6322	1.09188
6323	1.1167
6324	1.14348
6325	1.1687
6326	1.18819
6327	1.19795
6328	1.19429
6329	1.17858
6330	1.1566
6331	1.13409
6332	1.11742
6333	1.11202
6334	1.11846
6335	1.13313
6336	1.15227
6337	1.17213
6338	1.18907
6339	1.20109
6340	1.20838
6341	1.21049
6342	1.20718
6343	1.19833
6344	1.18548
6345	1.17144
6346	1.15904
6347	1.15113
6348	1.15032
6349	1.15596
6350	1.16588
6351	1.17716
6352	1.18715
6353	1.19329
6354	1.19493
6355	1.19269
6356	1.18723
6357	1.1792
6358	1.16929
6359	1.15847
6360	1.14868
6361	1.1412
6362	1.13756
6363	1.13909
6364	1.14508
6365	1.15359
6366	1.16262
6367	1.17018
6368	1.17448
6369	1.17576
6370	1.17551
6371	1.17524
6372	1.17643
6373	1.18035
6374	1.18582
6375	1.19024
6376	1.19102
6377	1.18556
6378	1.17162
6379	1.15035
6380	1.12553
6381	1.10028
6382	1.07794
6383	1.06157
6384	1.05177
6385	1.04784
6386	1.04906
6387	1.05472
6388	1.06406
6389	1.07595
6390	1.08909
6391	1.10215
6392	1.11384
6393	1.12285
6394	1.13042
6395	1.13801
6396	1.14732
6397	1.16003
6398	1.17743
6399	1.1978
6400	1.21803
6401	1.23504
6402	1.24571
6403	1.24752
6404	1.2418
6405	1.23159
6406	1.2197
6407	1.20963
6408	1.20368
6409	1.20086
6410	1.19877
6411	1.19499
6412	1.18712
6413	1.17318
6414	1.15392
6415	1.1312
6416	1.10685
6417	1.0827
6418	1.06062
6419	1.0425
6420	1.03007
6421	1.02567
6422	1.03102
6423	1.04732
6424	1.07152
6425	1.09913
6426	1.1256
6427	1.14644
6428	1.15792
6429	1.16075
6430	1.15708
6431	1.14908
6432	1.13893
6433	1.12834
6434	1.11862
6435	1.11005
6436	1.10312
6437	1.09834
6438	1.09613
6439	1.09654
6440	1.09948
6441	1.10489
6442	1.11269
6443	1.12258
6444	1.13321
6445	1.14293
6446	1.14986
6447	1.1528
6448	1.15036
6449	1.14358
6450	1.13405
6451	1.1234
6452	1.11323
6453	1.10484
6454	1.09827
6455	1.09319
6456	1.08929
6457	1.08628
6458	1.08379
6459	1.08125
6460	1.07786
6461	1.07344
6462	1.06716
6463	1.05897
6464	1.0508
6465	1.04507
6466	1.0442
6467	1.05061
6468	1.06562
6469	1.08672
6470	1.11052
6471	1.13366
6472	1.15276
6473	1.16522
6474	1.17253
6475	1.1762
6476	1.17795
6477	1.17953
6478	1.18201
6479	1.18434
6480	1.18506
6481	1.18269
6482	1.17578
6483	1.16356
6484	1.14744
6485	1.1292
6486	1.11066
6487	1.0934
6488	1.07934
6489	1.06883
6490	1.06226
6491	1.06005
6492	1.06258
6493	1.06982
6494	1.08051
6495	1.09319
6496	1.10638
6497	1.11864
6498	1.12875
6499	1.13623
6500	1.14049
6501	1.14161
6502	1.13898
6503	1.13277
6504	1.12445
6505	1.11571
6506	1.1082
6507	1.10361
6508	1.10294
6509	1.1056
6510	1.11078
6511	1.11765
6512	1.12542
6513	1.13348
6514	1.14154
6515	1.15004
6516	1.15875
6517	1.16765
6518	1.17656
6519	1.18495
6520	1.19224
6521	1.19783
6522	1.20114
6523	1.20211
6524	1.20177
6525	1.20127
6526	1.20176
6527	1.20413
6528	1.20937
6529	1.21641
6530	1.22432
6531	1.23214
6532	1.23893
6533	1.24389
6534	1.24654
6535	1.24644
6536	1.24313
6537	1.23617
6538	1.22581
6539	1.21357
6540	1.20107
6541	1.18971
6542	1.18159
6543	1.17721
6544	1.17589
6545	1.17677
6546	1.17902
6547	1.1818
6548	1.18452
6549	1.18704
6550	1.18922
6551	1.19094
6552	1.19207
6553	1.19261
6554	1.19247
6555	1.19232
6556	1.1921
6557	1.19197
6558	1.19201
6559	1.19216
6560	1.19234
6561	1.19245
6562	1.19242
6563	1.19192
6564	1.19032
6565	1.18696
6566	1.18118
6567	1.17234
6568	1.16029
6569	1.14656
6570	1.13208
6571	1.11798
6572	1.10539
6573	1.09525
6574	1.08823
6575	1.08501
6576	1.08624
6577	1.09254
6578	1.10333
6579	1.11653
6580	1.12997
6581	1.14125
6582	1.14872
6583	1.15155
6584	1.15093
6585	1.14813
6586	1.14445
6587	1.14114
6588	1.13881
6589	1.13736
6590	1.13664
6591	1.13652
6592	1.13683
6593	1.13718
6594	1.13669
6595	1.13515
6596	1.13165
6597	1.1256
6598	1.11771
6599	1.1101
6600	1.10491
6601	1.10431
6602	1.11036
6603	1.1228
6604	1.13916
6605	1.15687
6606	1.17336
6607	1.18611
6608	1.19353
6609	1.19581
6610	1.19246
6611	1.18323
6612	1.16798
6613	1.14868
6614	1.1292
6615	1.11344
6616	1.10532
6617	1.10853
6618	1.12284
6619	1.1447
6620	1.17045
6621	1.19619
6622	1.21888
6623	1.23679
6624	1.2501
6625	1.25905
6626	1.26387
6627	1.26481
6628	1.26247
6629	1.25767
6630	1.25126
6631	1.2441
6632	1.23698
6633	1.23
6634	1.22275
6635	1.21455
6636	1.20548
6637	1.19496
6638	1.18393
6639	1.17423
6640	1.16772
6641	1.16625
6642	1.17147
6643	1.18232
6644	1.19595
6645	1.20948
6646	1.22001
6647	1.22488
6648	1.22347
6649	1.21748
6650	1.20783
6651	1.19573
6652	1.18238
6653	1.16936
6654	1.15842
6655	1.15134
6656	1.14987
6657	1.15554
6658	1.16727
6659	1.18246
6660	1.1985
6661	1.21277
6662	1.22258
6663	1.22783
6664	1.22865
6665	1.22543
6666	1.21858
6667	1.20862
6668	1.19727
6669	1.1869
6670	1.17988
6671	1.17858
6672	1.18499
6673	1.19787
6674	1.21435
6675	1.23129
6676	1.2463
6677	1.25661
6678	1.26271
6679	1.2665
6680	1.26992
6681	1.27491
6682	1.28301
6683	1.2928
6684	1.30145
6685	1.30618
6686	1.30416
6687	1.29311
6688	1.27458
6689	1.2515
6690	1.22762
6691	1.2059
6692	1.18923
6693	1.17824
6694	1.17266
6695	1.17219
6696	1.17654
6697	1.18511
6698	1.19525
6699	1.20347
6700	1.20632
6701	1.20031
6702	1.18259
6703	1.15619
6704	1.12542
6705	1.09479
6706	1.06884
6707	1.05155
6708	1.04373
6709	1.04503
6710	1.0551
6711	1.07361
6712	1.0998
6713	1.13066
6714	1.16244
6715	1.19135
6716	1.21338
6717	1.22599
6718	1.2297
6719	1.22651
6720	1.21842
6721	1.20744
6722	1.19553
6723	1.18446
6724	1.17597
6725	1.17178
6726	1.1736
6727	1.1824
6728	1.1956
6729	1.20933
6730	1.22048
6731	1.22516
6732	1.22081
6733	1.20947
6734	1.19445
6735	1.17909
6736	1.16672
6737	1.15978
6738	1.15709
6739	1.15647
6740	1.15575
6741	1.15275
6742	1.14568
6743	1.13591
6744	1.12471
6745	1.11358
6746	1.10401
6747	1.09717
6748	1.0928
6749	1.09033
6750	1.0892
6751	1.08883
6752	1.0887
6753	1.08853
6754	1.08805
6755	1.08702
6756	1.08495
6757	1.08233
6758	1.07988
6759	1.07877
6760	1.08014
6761	1.08517
6762	1.09452
6763	1.10734
6764	1.12242
6765	1.1386
6766	1.15468
6767	1.16956
6768	1.18245
6769	1.19233
6770	1.19895
6771	1.20131
6772	1.19919
6773	1.19396
6774	1.18727
6775	1.18079
6776	1.17616
6777	1.17441
6778	1.1748
6779	1.1763
6780	1.17787
6781	1.17847
6782	1.17755
6783	1.17564
6784	1.17421
6785	1.17398
6786	1.17595
6787	1.1803
6788	1.18526
6789	1.18874
6790	1.18867
6791	1.18295
6792	1.17066
6793	1.15387
6794	1.13432
6795	1.11447
6796	1.09657
6797	1.08245
6798	1.07307
6799	1.06949
6800	1.07207
6801	1.08187
6802	1.09833
6803	1.1179
6804	1.13661
6805	1.15076
6806	1.15591
6807	1.15046
6808	1.13685
6809	1.1181
6810	1.0972
6811	1.07739
6812	1.06051
6813	1.0478
6814	1.04007
6815	1.03814
6816	1.04283
6817	1.05417
6818	1.06955
6819	1.08685
6820	1.10371
6821	1.11778
6822	1.12762
6823	1.13337
6824	1.13562
6825	1.1342
6826	1.12969
6827	1.1228
6828	1.11489
6829	1.10739
6830	1.10172
6831	1.09954
6832	1.10106
6833	1.10603
6834	1.11383
6835	1.12385
6836	1.13548
6837	1.14767
6838	1.15898
6839	1.16715
6840	1.17067
6841	1.16781
6842	1.15844
6843	1.14482
6844	1.1294
6845	1.11464
6846	1.10295
6847	1.09576
6848	1.09198
6849	1.09113
6850	1.09245
6851	1.09522
6852	1.09876
6853	1.10245
6854	1.1057
6855	1.10813
6856	1.10868
6857	1.10697
6858	1.1024
6859	1.09439
6860	1.08232
6861	1.06565
6862	1.0451
6863	1.02305
6864	1.00197
6865	0.98454
6866	0.97275
6867	0.96755
6868	0.96763
6869	0.97159
6870	0.97804
6871	0.98558
6872	0.99345
6873	1.00157
6874	1.00993
6875	1.01869
6876	1.02741
6877	1.03624
6878	1.04513
6879	1.05403
6880	1.06286
6881	1.07157
6882	1.07996
6883	1.08771
6884	1.09447
6885	1.09993
6886	1.10395
6887	1.10544
6888	1.10368
6889	1.09774
6890	1.08666
6891	1.06962
6892	1.04815
6893	1.02602
6894	1.00709
6895	0.99521
6896	0.99405
6897	1.00337
6898	1.01942
6899	1.03857
6900	1.05649
6901	1.06974
6902	1.07813
6903	1.08448
6904	1.09173
6905	1.10281
6906	1.12038
6907	1.14294
6908	1.16549
6909	1.18297
6910	1.19029
6911	1.18274
6912	1.16148
6913	1.13227
6914	1.10121
6915	1.07371
6916	1.05562
6917	1.04857
6918	1.05123
6919	1.06219
6920	1.08003
6921	1.10329
6922	1.12968
6923	1.15633
6924	1.18036
6925	1.1989
6926	1.20926
6927	1.2113
6928	1.20659
6929	1.19674
6930	1.18337
6931	1.16805
6932	1.15222
6933	1.1363
6934	1.12146
6935	1.10863
6936	1.09867
6937	1.09187
6938	1.08813
6939	1.08736
6940	1.08947
6941	1.09433
6942	1.10155
6943	1.11061
6944	1.12096
6945	1.13205
6946	1.14332
6947	1.15388
6948	1.16268
6949	1.16867
6950	1.17079
6951	1.16815
6952	1.16124
6953	1.1513
6954	1.13959
6955	1.12762
6956	1.11615
6957	1.10688
6958	1.10133
6959	1.10104
6960	1.10753
6961	1.12193
6962	1.14214
6963	1.16445
6964	1.18516
6965	1.20055
6966	1.20736
6967	1.20585
6968	1.19795
6969	1.18556
6970	1.17062
6971	1.15497
6972	1.13989
6973	1.1264
6974	1.1155
6975	1.10823
6976	1.1054
6977	1.10655
6978	1.11065
6979	1.11668
6980	1.12361
6981	1.13044
6982	1.13642
6983	1.14087
6984	1.14313
6985	1.14251
6986	1.13861
6987	1.13247
6988	1.12574
6989	1.12029
6990	1.11728
6991	1.11827
6992	1.12268
6993	1.12927
6994	1.13676
6995	1.14388
6996	1.14946
6997	1.1527
6998	1.15297
6999	1.14962
7000	1.14204
7001	1.12993
7002	1.11493
7003	1.09934
7004	1.08541
7005	1.07545
7006	1.07122
7007	1.07205
7008	1.07647
7009	1.08304
7010	1.09028
7011	1.09674
7012	1.10096
7013	1.10148
7014	1.09682
7015	1.08554
7016	1.06692
7017	1.0437
7018	1.01959
7019	0.9983
7020	0.98354
7021	0.97823
7022	0.98193
7023	0.9933
7024	1.01098
7025	1.03363
7026	1.05981
7027	1.0877
7028	1.11539
7029	1.14096
7030	1.16251
7031	1.1785
7032	1.18884
7033	1.19381
7034	1.19366
7035	1.18869
7036	1.1793
7037	1.16656
7038	1.15162
7039	1.13567
7040	1.11988
7041	1.10528
7042	1.09235
7043	1.08149
7044	1.07305
7045	1.06743
7046	1.06493
7047	1.06564
7048	1.06961
7049	1.07687
7050	1.08748
7051	1.10109
7052	1.1162
7053	1.13106
7054	1.14391
7055	1.15301
7056	1.15721
7057	1.15719
7058	1.15395
7059	1.1485
7060	1.14186
7061	1.13477
7062	1.12725
7063	1.11917
7064	1.11042
7065	1.10088
7066	1.09067
7067	1.0808
7068	1.07169
7069	1.06445
7070	1.05997
7071	1.05882
7072	1.06067
7073	1.06511
7074	1.07168
7075	1.07995
7076	1.08929
7077	1.09862
7078	1.1068
7079	1.11267
7080	1.11509
7081	1.11347
7082	1.10857
7083	1.10132
7084	1.09264
7085	1.08347
7086	1.07484
7087	1.06797
7088	1.06413
7089	1.06458
7090	1.07057
7091	1.08191
7092	1.09532
7093	1.10713
7094	1.11368
7095	1.11132
7096	1.09923
7097	1.0823
7098	1.06613
7099	1.05627
7100	1.05828
7101	1.07379
7102	1.09694
7103	1.12099
7104	1.13921
7105	1.14492
7106	1.13518
7107	1.11395
7108	1.08591
7109	1.05575
7110	1.02815
7111	1.00644
7112	0.99163
7113	0.98452
7114	0.98588
7115	0.99647
7116	1.01547
7117	1.03945
7118	1.06473
7119	1.08761
7120	1.10446
7121	1.11365
7122	1.1168
7123	1.11581
7124	1.11259
7125	1.10904
7126	1.10606
7127	1.10306
7128	1.09934
7129	1.0942
7130	1.08693
7131	1.07731
7132	1.06581
7133	1.05294
7134	1.03922
7135	1.02517
7136	1.01222
7137	1.00307
7138	1.00047
7139	1.00719
7140	1.02592
7141	1.05586
7142	1.09166
7143	1.12762
7144	1.15804
7145	1.17736
7146	1.18388
7147	1.18109
7148	1.17201
7149	1.16044
7150	1.14987
7151	1.14179
7152	1.13528
7153	1.12928
7154	1.12271
7155	1.11457
7156	1.1053
7157	1.09704
7158	1.09204
7159	1.09251
7160	1.1006
7161	1.1159
7162	1.13516
7163	1.155
7164	1.17201
7165	1.18291
7166	1.18663
7167	1.18443
7168	1.1777
7169	1.16782
7170	1.15616
7171	1.1434
7172	1.12958
7173	1.11471
7174	1.09877
7175	1.08179
7176	1.06414
7177	1.04653
7178	1.02967
7179	1.01429
7180	1.00109
7181	0.99038
7182	0.98209
7183	0.97615
7184	0.97248
7185	0.97102
7186	0.97186
7187	0.97524
7188	0.98139
7189	0.99057
7190	1.00294
7191	1.01766
7192	1.03302
7193	1.04727
7194	1.05869
7195	1.06559
7196	1.06769
7197	1.06487
7198	1.05777
7199	1.04678
7200	1.0324
7201	1.01633
7202	1.00128
7203	0.98994
7204	0.98502
7205	0.98899
7206	1.00097
7207	1.01768
7208	1.03575
7209	1.05184
7210	1.0628
7211	1.06832
7212	1.07007
7213	1.06975
7214	1.06905
7215	1.06958
7216	1.07162
7217	1.07465
7218	1.07807
7219	1.08133
7220	1.08388
7221	1.08533
7222	1.0854
7223	1.08382
7224	1.08031
7225	1.0747
7226	1.06792
7227	1.06154
7228	1.05716
7229	1.05638
7230	1.06054
7231	1.06847
7232	1.07756
7233	1.08516
7234	1.08864
7235	1.08573
7236	1.07778
7237	1.06814
7238	1.06042
7239	1.05747
7240	1.06231
7241	1.07221
7242	1.0816
7243	1.08485
7244	1.07636
7245	1.05153
7246	1.01444
7247	0.97351
7248	0.93718
7249	0.91392
7250	0.91098
7251	0.92625
7252	0.95308
7253	0.98482
7254	1.01482
7255	1.03709
7256	1.0507
7257	1.05705
7258	1.05752
7259	1.05351
7260	1.04639
7261	1.03742
7262	1.02778
7263	1.01865
7264	1.01124
7265	1.00663
7266	1.00527
7267	1.00733
7268	1.01299
7269	1.0224
7270	1.03561
7271	1.05182
7272	1.06987
7273	1.08861
7274	1.10692
7275	1.12361
7276	1.13742
7277	1.14702
7278	1.15109
7279	1.14858
7280	1.13817
7281	1.12248
7282	1.10497
7283	1.08908
7284	1.07829
7285	1.07523
7286	1.07818
7287	1.08392
7288	1.08923
7289	1.0909
7290	1.08639
7291	1.07668
7292	1.06387
7293	1.05007
7294	1.03737
7295	1.02777
7296	1.02262
7297	1.02311
7298	1.03043
7299	1.04576
7300	1.06931
7301	1.09683
7302	1.12275
7303	1.14153
7304	1.1476
7305	1.13736
7306	1.11572
7307	1.08994
7308	1.06727
7309	1.05498
7310	1.05825
7311	1.07366
7312	1.09554
7313	1.11821
7314	1.136
7315	1.14458
7316	1.14497
7317	1.13948
7318	1.13044
7319	1.12019
7320	1.11057
7321	1.10197
7322	1.09355
7323	1.08527
7324	1.07685
7325	1.06816
7326	1.05981
7327	1.05254
7328	1.04709
7329	1.04421
7330	1.04419
7331	1.04586
7332	1.04769
7333	1.04816
7334	1.04578
7335	1.03976
7336	1.03163
7337	1.02341
7338	1.01711
7339	1.01475
7340	1.01764
7341	1.02507
7342	1.03591
7343	1.04902
7344	1.06328
7345	1.07744
7346	1.08981
7347	1.09866
7348	1.10224
7349	1.0988
7350	1.08792
7351	1.0728
7352	1.05729
7353	1.04521
7354	1.04039
7355	1.04485
7356	1.05585
7357	1.06989
7358	1.08346
7359	1.09305
7360	1.09669
7361	1.09617
7362	1.09388
7363	1.09219
7364	1.0935
7365	1.09932
7366	1.10919
7367	1.1226
7368	1.13823
7369	1.15557
7370	1.17342
7371	1.18955
7372	1.20162
7373	1.20728
7374	1.20418
7375	1.192
7376	1.17469
7377	1.15678
7378	1.14281
7379	1.13727
7380	1.14171
7381	1.15162
7382	1.16174
7383	1.1668
7384	1.16156
7385	1.14392
7386	1.11784
7387	1.08804
7388	1.05918
7389	1.03596
7390	1.02137
7391	1.01532
7392	1.01737
7393	1.02709
7394	1.04403
7395	1.06702
7396	1.09361
7397	1.12123
7398	1.1473
7399	1.16925
7400	1.18563
7401	1.19688
7402	1.20361
7403	1.20642
7404	1.20594
7405	1.20277
7406	1.19755
7407	1.1909
7408	1.18347
7409	1.17588
7410	1.16883
7411	1.1631
7412	1.15946
7413	1.1587
7414	1.16159
7415	1.16806
7416	1.1768
7417	1.18641
7418	1.19547
7419	1.2026
7420	1.20751
7421	1.21144
7422	1.21574
7423	1.22178
7424	1.23087
7425	1.24311
7426	1.25692
7427	1.27061
7428	1.28247
7429	1.29084
7430	1.29518
7431	1.2964
7432	1.29549
7433	1.29377
7434	1.29162
7435	1.2913
7436	1.29584
7437	1.30836
7438	1.33196
7439	1.36965
7440	1.4214
7441	1.48359
7442	1.5524
7443	1.62401
7444	1.69464
7445	1.76159
7446	1.82334
7447	1.87846
7448	1.92551
7449	1.96314
7450	1.99216
7451	2.01573
7452	2.0371
7453	2.05955
7454	2.08622
7455	2.11745
7456	2.15071
7457	2.18334
7458	2.21269
7459	2.23619
7460	2.25325
7461	2.26521
7462	2.27351
7463	2.27959
7464	2.28477
7465	2.28863
7466	2.28908
7467	2.28397
7468	2.27114
7469	2.24856
7470	2.21646
7471	2.17711
7472	2.13283
7473	2.08596
7474	2.03889
7475	1.99536
7476	1.96023
7477	1.9384
7478	1.93476
7479	1.95413
7480	2.00012
7481	2.07537
7482	2.18249
7483	2.32405
7484	2.5017
7485	2.70219
7486	2.9007
7487	3.0721
7488	3.19128
7489	3.23469
7490	3.20132
7491	3.10695
7492	2.96775
7493	2.79988
7494	2.61899
7495	2.43387
7496	2.24843
7497	2.06648
7498	1.89183
7499	1.72824
7500	1.57924
7501	1.44815
7502	1.33829
7503	1.25298
7504	1.19507
7505	1.16193
7506	1.14736
7507	1.1451
7508	1.14889
7509	1.15279
7510	1.15413
7511	1.1523
7512	1.14673
7513	1.13682
7514	1.12216
7515	1.10386
7516	1.084
7517	1.06465
7518	1.04789
7519	1.03557
7520	1.02736
7521	1.0217
7522	1.01698
7523	1.01163
7524	1.00434
7525	0.99658
7526	0.99128
7527	0.99138
7528	0.99984
7529	1.01913
7530	1.04758
7531	1.0814
7532	1.11678
7533	1.14991
7534	1.17722
7535	1.19714
7536	1.20909
7537	1.21247
7538	1.20672
7539	1.19158
7540	1.16946
7541	1.14399
7542	1.11882
7543	1.09759
7544	1.08351
7545	1.07654
7546	1.07523
7547	1.07811
7548	1.08373
7549	1.09066
7550	1.09779
7551	1.10415
7552	1.10878
7553	1.1107
7554	1.10924
7555	1.10573
7556	1.1023
7557	1.10108
7558	1.10419
7559	1.11324
7560	1.12655
7561	1.14115
7562	1.15412
7563	1.16249
7564	1.1639
7565	1.15939
7566	1.1512
7567	1.14162
7568	1.1329
7569	1.12704
7570	1.12461
7571	1.12564
7572	1.13019
7573	1.13831
7574	1.14975
7575	1.16268
7576	1.17473
7577	1.18358
7578	1.18685
7579	1.18275
7580	1.17226
7581	1.15723
7582	1.13949
7583	1.1209
7584	1.10273
7585	1.08351
7586	1.06097
7587	1.03283
7588	0.99682
7589	0.95137
7590	0.89811
7591	0.83956
7592	0.77825
7593	0.71672
7594	0.65717
7595	0.60049
7596	0.54719
7597	0.49779
7598	0.45281
7599	0.41307
7600	0.38068
7601	0.35806
7602	0.34761
7603	0.35176
7604	0.37168
7605	0.40377
7606	0.44326
7607	0.48538
7608	0.52538
7609	0.5596
7610	0.58853
7611	0.61355
7612	0.63607
7613	0.65749
7614	0.67877
7615	0.69929
7616	0.71809
7617	0.73422
7618	0.74671
7619	0.7548
7620	0.75831
7621	0.75717
7622	0.75133
7623	0.74074
7624	0.72593
7625	0.70938
7626	0.69388
7627	0.68227
7628	0.67737
7629	0.68152
7630	0.69567
7631	0.72052
7632	0.75694
7633	0.80525
7634	0.86473
7635	0.92997
7636	0.99478
7637	1.05297
7638	1.09835
7639	1.12706
7640	1.1415
7641	1.14512
7642	1.14137
7643	1.13369
7644	1.12502
7645	1.11701
7646	1.11111
7647	1.10877
7648	1.11144
7649	1.1201
7650	1.13462
7651	1.15471
7652	1.18007
7653	1.21039
7654	1.24447
7655	1.27899
7656	1.31032
7657	1.33486
7658	1.34899
7659	1.35066
7660	1.3412
7661	1.32241
7662	1.29609
7663	1.26404
7664	1.22818
7665	1.19065
7666	1.15365
7667	1.11937
7668	1.08997
7669	1.06689
7670	1.04861
7671	1.03424
7672	1.02259
7673	1.01246
7674	1.00329
7675	0.99565
7676	0.99024
7677	0.98777
7678	0.98894
7679	0.99419
7680	1.00343
7681	1.01653
7682	1.03337
7683	1.0538
7684	1.07677
7685	1.09965
7686	1.11968
7687	1.13405
7688	1.14002
7689	1.13658
7690	1.12558
7691	1.10917
7692	1.0895
7693	1.06896
7694	1.04897
7695	1.03148
7696	1.01815
7697	1.01064
7698	1.01058
7699	1.01734
7700	1.02701
7701	1.03534
7702	1.03811
7703	1.03118
7704	1.01419
7705	0.99223
7706	0.97083
7707	0.95551
7708	0.95171
7709	0.9613
7710	0.98129
7711	1.00856
7712	1.03922
7713	1.07017
7714	1.0984
7715	1.12132
7716	1.13639
7717	1.14109
7718	1.13294
7719	1.11249
7720	1.08404
7721	1.05211
7722	1.02124
7723	0.99591
7724	0.9784
7725	0.9684
7726	0.96544
7727	0.96933
7728	0.97907
7729	0.99386
7730	1.01203
7731	1.03186
7732	1.05163
7733	1.06963
7734	1.08457
7735	1.09561
7736	1.10193
7737	1.10272
7738	1.09721
7739	1.08645
7740	1.07359
7741	1.06103
7742	1.05203
7743	1.04943
7744	1.05314
7745	1.06015
7746	1.06731
7747	1.07148
7748	1.06966
7749	1.0619
7750	1.05116
7751	1.04055
7752	1.03342
7753	1.03214
7754	1.03652
7755	1.04305
7756	1.04808
7757	1.04796
7758	1.03931
7759	1.02323
7760	1.00478
7761	0.98911
7762	0.98141
7763	0.98675
7764	1.00341
7765	1.02547
7766	1.04657
7767	1.06035
7768	1.06091
7769	1.0494
7770	1.03258
7771	1.01735
7772	1.01063
7773	1.01906
7774	1.04057
7775	1.06786
7776	1.09323
7777	1.10897
7778	1.10793
7779	1.09079
7780	1.06384
7781	1.03352
7782	1.00654
7783	0.98843
7784	0.98077
7785	0.98161
7786	0.9889
7787	1.00061
7788	1.01474
7789	1.02976
7790	1.04445
7791	1.05787
7792	1.06825
7793	1.0747
7794	1.07682
7795	1.07467
7796	1.0683
7797	1.05777
7798	1.04327
7799	1.02639
7800	1.0086
7801	0.99223
7802	0.97931
7803	0.97166
7804	0.96896
7805	0.96964
7806	0.97212
7807	0.97509
7808	0.97659
7809	0.97685
7810	0.97664
7811	0.97671
7812	0.97782
7813	0.98067
7814	0.98566
7815	0.99211
7816	1.00012
7817	1.00954
7818	1.02012
7819	1.03091
7820	1.04057
7821	1.0481
7822	1.05159
7823	1.05032
7824	1.0456
7825	1.03982
7826	1.03541
7827	1.03479
7828	1.04016
7829	1.04911
7830	1.05842
7831	1.06455
7832	1.06398
7833	1.05399
7834	1.0375
7835	1.02013
7836	1.00671
7837	1.00286
7838	1.01286
7839	1.03356
7840	1.05876
7841	1.08257
7842	1.0982
7843	1.10075
7844	1.09137
7845	1.07372
7846	1.05144
7847	1.02847
7848	1.00755
7849	0.99014
7850	0.97662
7851	0.9674
7852	0.96286
7853	0.96353
7854	0.96854
7855	0.97759
7856	0.99011
7857	1.00553
7858	1.02305
7859	1.041
7860	1.05644
7861	1.0673
7862	1.07121
7863	1.06651
7864	1.05525
7865	1.0409
7866	1.0261
7867	1.01435
7868	1.00813
7869	1.0063
7870	1.00664
7871	1.00723
7872	1.00529
7873	0.99952
7874	0.99127
7875	0.98273
7876	0.97638
7877	0.97389
7878	0.97695
7879	0.98371
7880	0.99138
7881	0.99718
7882	0.99859
7883	0.99321
7884	0.9833
7885	0.97182
7886	0.96175
7887	0.95635
7888	0.95738
7889	0.9648
7890	0.97763
7891	0.99489
7892	1.01562
7893	1.03885
7894	1.06178
7895	1.08221
7896	1.09764
7897	1.10558
7898	1.10469
7899	1.09561
7900	1.08054
7901	1.06139
7902	1.04006
7903	1.01854
7904	0.99729
7905	0.97747
7906	0.95996
7907	0.94564
7908	0.93564
7909	0.93024
7910	0.93049
7911	0.93719
7912	0.95113
7913	0.97227
7914	0.9964
7915	1.01949
7916	1.03722
7917	1.04528
7918	1.04174
7919	1.02986
7920	1.01484
7921	1.00162
7922	0.99511
7923	0.99861
7924	1.00939
7925	1.02464
7926	1.04127
7927	1.05622
7928	1.06761
7929	1.07507
7930	1.0795
7931	1.08151
7932	1.0817
7933	1.08098
7934	1.07943
7935	1.07799
7936	1.07732
7937	1.07837
7938	1.08073
7939	1.08372
7940	1.08619
7941	1.08699
7942	1.0853
7943	1.07979
7944	1.07096
7945	1.05917
7946	1.04477
7947	1.02837
7948	1.01002
7949	0.99113
7950	0.97293
7951	0.95689
7952	0.94371
7953	0.93469
7954	0.93051
7955	0.9318
7956	0.93947
7957	0.95363
7958	0.97414
7959	0.99864
7960	1.02481
7961	1.04949
7962	1.07036
7963	1.08534
7964	1.0933
7965	1.0935
7966	1.08431
7967	1.06503
7968	1.03702
7969	1.00611
7970	0.97772
7971	0.9581
7972	0.9532
7973	0.96443
7974	0.98585
7975	1.00998
7976	1.03015
7977	1.03946
7978	1.03549
7979	1.02167
7980	1.00289
7981	0.9838
7982	0.96896
7983	0.96101
7984	0.95837
7985	0.95997
7986	0.96446
7987	0.97078
7988	0.97754
7989	0.98483
7990	0.99257
7991	1.00091
7992	1.00921
7993	1.01788
7994	1.02737
7995	1.03817
7996	1.05105
7997	1.06593
7998	1.08334
7999	1.10322
8000	1.12581
8001	1.15042
8002	1.17721
8003	1.2042
8004	1.22733
8005	1.24136
8006	1.24208
8007	1.22509
8008	1.19119
8009	1.14783
8010	1.10189
8011	1.06124
8012	1.03328
8013	1.02059
8014	1.01901
8015	1.02493
8016	1.03439
8017	1.04383
8018	1.05047
8019	1.05423
8020	1.05487
8021	1.05244
8022	1.04612
8023	1.03674
8024	1.02568
8025	1.01434
8026	1.00439
8027	0.99667
8028	0.99248
8029	0.99244
8030	0.99745
8031	1.00756
8032	1.02357
8033	1.04411
8034	1.06627
8035	1.08616
8036	1.10078
8037	1.10696
8038	1.10486
8039	1.09645
8040	1.08476
8041	1.0725
8042	1.06259
8043	1.05538
8044	1.05061
8045	1.04768
8046	1.04629
8047	1.04524
8048	1.04444
8049	1.04366
8050	1.0427
8051	1.04162
8052	1.03964
8053	1.0371
8054	1.03423
8055	1.03157
8056	1.02879
8057	1.02642
8058	1.02467
8059	1.02402
8060	1.02407
8061	1.02529
8062	1.02782
8063	1.03126
8064	1.03374
8065	1.03424
8066	1.03148
8067	1.02456
8068	1.01353
8069	1.00057
8070	0.98758
8071	0.97677
8072	0.96937
8073	0.96604
8074	0.96619
8075	0.96949
8076	0.97477
8077	0.98169
8078	0.98938
8079	0.99716
8080	1.00344
8081	1.00753
8082	1.00854
8083	1.00736
8084	1.00486
8085	1.0028
8086	1.00267
8087	1.00577
8088	1.01207
8089	1.0197
8090	1.02765
8091	1.03462
8092	1.03967
8093	1.04163
8094	1.0406
8095	1.03637
8096	1.02903
8097	1.01791
8098	1.00436
8099	0.99004
8100	0.97691
8101	0.96606
8102	0.95925
8103	0.95628
8104	0.95636
8105	0.95786
8106	0.96
8107	0.96185
8108	0.9641
8109	0.96725
8110	0.97262
8111	0.98127
8112	0.99429
8113	1.01006
8114	1.02695
8115	1.04305
8116	1.05676
8117	1.06585
8118	1.07128
8119	1.07465
8120	1.07792
8121	1.0821
8122	1.08874
8123	1.09648
8124	1.10317
8125	1.10571
8126	1.10195
8127	1.08985
8128	1.07015
8129	1.045
8130	1.01565
8131	0.98427
8132	0.95284
8133	0.92438
8134	0.9014
8135	0.88722
8136	0.88491
8137	0.89674
8138	0.91828
8139	0.94373
8140	0.96701
8141	0.98233
8142	0.98448
8143	0.97694
8144	0.96561
8145	0.9567
8146	0.95556
8147	0.96673
8148	0.98579
8149	1.0058
8150	1.01894
8151	1.01824
8152	0.99855
8153	0.96538
8154	0.92659
8155	0.89091
8156	0.8668
8157	0.86098
8158	0.8701
8159	0.88884
8160	0.91161
8161	0.93309
8162	0.94823
8163	0.95759
8164	0.96278
8165	0.96542
8166	0.96743
8167	0.96945
8168	0.97119
8169	0.97162
8170	0.97
8171	0.96474
8172	0.95569
8173	0.94494
8174	0.93545
8175	0.9294
8176	0.92975
8177	0.93811
8178	0.95222
8179	0.96798
8180	0.9821
8181	0.99104
8182	0.99257
8183	0.98733
8184	0.97767
8185	0.96568
8186	0.95368
8187	0.94287
8188	0.93409
8189	0.92766
8190	0.92416
8191	0.92338
8192	0.92568
8193	0.93049
8194	0.93734
8195	0.94497
8196	0.95292
8197	0.96071
8198	0.96858
8199	0.97722
8200	0.98648
8201	0.99703
8202	1.00882
8203	1.02072
8204	1.03047
8205	1.03669
8206	1.0377
8207	1.03292
8208	1.023
8209	1.00991
8210	0.9953
8211	0.98111
8212	0.96835
8213	0.95874
8214	0.95371
8215	0.95492
8216	0.96324
8217	0.97905
8218	0.99923
8219	1.02044
8220	1.03845
8221	1.0499
8222	1.0526
8223	1.04811
8224	1.03756
8225	1.02303
8226	1.0063
8227	0.98953
8228	0.9743
8229	0.9631
8230	0.95815
8231	0.96163
8232	0.97406
8233	0.99079
8234	1.00747
8235	1.01945
8236	1.02239
8237	1.01418
8238	1.00009
8239	0.98587
8240	0.9776
8241	0.98045
8242	0.99659
8243	1.02026
8244	1.04507
8245	1.06375
8246	1.06993
8247	1.06132
8248	1.04415
8249	1.02464
8250	1.00994
8251	1.00686
8252	1.01797
8253	1.03683
8254	1.057
8255	1.07176
8256	1.07475
8257	1.06255
8258	1.03942
8259	1.00996
8260	0.97909
8261	0.9508
8262	0.92884
8263	0.91476
8264	0.90992
8265	0.91598
8266	0.93372
8267	0.96194
8268	0.99476
8269	1.02622
8270	1.04948
8271	1.05863
8272	1.05256
8273	1.03801
8274	1.02142
8275	1.01015
8276	1.01117
8277	1.026
8278	1.04713
8279	1.06732
8280	1.07902
8281	1.07513
8282	1.05359
8283	1.02146
8284	0.98604
8285	0.95497
8286	0.93486
8287	0.92831
8288	0.93122
8289	0.93934
8290	0.94759
8291	0.95179
8292	0.95048
8293	0.94616
8294	0.94073
8295	0.93695
8296	0.93723
8297	0.94229
8298	0.95113
8299	0.96176
8300	0.97308
8301	0.98368
8302	0.99323
8303	1.00132
8304	1.00848
8305	1.01496
8306	1.02129
8307	1.02684
8308	1.03159
8309	1.03522
8310	1.03772
8311	1.03814
8312	1.03627
8313	1.03137
8314	1.02304
8315	1.00993
8316	0.9917
8317	0.97001
8318	0.94901
8319	0.93211
8320	0.92359
8321	0.92725
8322	0.94336
8323	0.96773
8324	0.99688
8325	1.02703
8326	1.05473
8327	1.07602
8328	1.08818
8329	1.08824
8330	1.07353
8331	1.04079
8332	0.99467
8333	0.94551
8334	0.90412
8335	0.88049
8336	0.88474
8337	0.91492
8338	0.95931
8339	1.00624
8340	1.04308
8341	1.05876
8342	1.05222
8343	1.0308
8344	1.00114
8345	0.97082
8346	0.94681
8347	0.93192
8348	0.9248
8349	0.92485
8350	0.93119
8351	0.94317
8352	0.95833
8353	0.97441
8354	0.98884
8355	0.99935
8356	1.00297
8357	1.00002
8358	0.99222
8359	0.98159
8360	0.96928
8361	0.9573
8362	0.94696
8363	0.93956
8364	0.93558
8365	0.93635
8366	0.94282
8367	0.95547
8368	0.97344
8369	0.99672
8370	1.02499
8371	1.05805
8372	1.09241
8373	1.12411
8374	1.14887
8375	1.16275
8376	1.16132
8377	1.14681
8378	1.12429
8379	1.09921
8380	1.07599
8381	1.05965
8382	1.05053
8383	1.04698
8384	1.04636
8385	1.04699
8386	1.04701
8387	1.04585
8388	1.0439
8389	1.04062
8390	1.03641
8391	1.03135
8392	1.02558
8393	1.0182
8394	1.00923
8395	0.99842
8396	0.98596
8397	0.97268
8398	0.96101
8399	0.95309
8400	0.95135
8401	0.95682
8402	0.96746
8403	0.97917
8404	0.98814
8405	0.98967
8406	0.98076
8407	0.9639
8408	0.94433
8409	0.92644
8410	0.91549
8411	0.91566
8412	0.92616
8413	0.94324
8414	0.96397
8415	0.98512
8416	1.00403
8417	1.0186
8418	1.02824
8419	1.03205
8420	1.02942
8421	1.01945
8422	1.00588
8423	0.9935
8424	0.98742
8425	0.99183
8426	1.0105
8427	1.03937
8428	1.07205
8429	1.10118
8430	1.12036
8431	1.12418
8432	1.11465
8433	1.09512
8434	1.06994
8435	1.04316
8436	1.01879
8437	0.99821
8438	0.98326
8439	0.97544
8440	0.97654
8441	0.98688
8442	1.00488
8443	1.02778
8444	1.05317
8445	1.07766
8446	1.09901
8447	1.1155
8448	1.12604
8449	1.12846
8450	1.12164
8451	1.10504
8452	1.08233
8453	1.05727
8454	1.03461
8455	1.01878
8456	1.0131
8457	1.01412
8458	1.01783
8459	1.01988
8460	1.01627
8461	1.00342
8462	0.98423
8463	0.9626
8464	0.94273
8465	0.92796
8466	0.92126
8467	0.92075
8468	0.92377
8469	0.92681
8470	0.92722
8471	0.92337
8472	0.91851
8473	0.91608
8474	0.92034
8475	0.93531
8476	0.96333
8477	0.99945
8478	1.03823
8479	1.07394
8480	1.10121
8481	1.11576
8482	1.1211
8483	1.12175
8484	1.12259
8485	1.12743
8486	1.13932
8487	1.15547
8488	1.1724
8489	1.18558
8490	1.19151
8491	1.18777
8492	1.17629
8493	1.1586
8494	1.13737
8495	1.11488
8496	1.09362
8497	1.07469
8498	1.06017
8499	1.0518
8500	1.05164
8501	1.05915
8502	1.07059
8503	1.08123
8504	1.08667
8505	1.08149
8506	1.06375
8507	1.03715
8508	1.00665
8509	0.97622
8510	0.95082
8511	0.93378
8512	0.92563
8513	0.92563
8514	0.9339
8515	0.95054
8516	0.97384
8517	1.00085
8518	1.02804
8519	1.05221
8520	1.06918
8521	1.07764
8522	1.07999
8523	1.07949
8524	1.07839
8525	1.07993
8526	1.08566
8527	1.09467
8528	1.10466
8529	1.1144
8530	1.12228
8531	1.12754
8532	1.12927
8533	1.12774
8534	1.12283
8535	1.11481
8536	1.10345
8537	1.09065
8538	1.07804
8539	1.06762
8540	1.06033
8541	1.05697
8542	1.05592
8543	1.05566
8544	1.0537
8545	1.04852
8546	1.03926
8547	1.02693
8548	1.01173
8549	0.99484
8550	0.97743
8551	0.96041
8552	0.94668
8553	0.93895
8554	0.94019
8555	0.95247
8556	0.97589
8557	1.00589
8558	1.03789
8559	1.06633
8560	1.08665
8561	1.09687
8562	1.09957
8563	1.09658
8564	1.0908
8565	1.08477
8566	1.08017
8567	1.07606
8568	1.0724
8569	1.06912
8570	1.06519
8571	1.06138
8572	1.05916
8573	1.06042
8574	1.06605
8575	1.07786
8576	1.09504
8577	1.11421
8578	1.13071
8579	1.14097
8580	1.14113
8581	1.13151
8582	1.11586
8583	1.09931
8584	1.08663
8585	1.08283
8586	1.0883
8587	1.10039
8588	1.1162
8589	1.13177
8590	1.14423
8591	1.15179
8592	1.15456
8593	1.15163
8594	1.14317
8595	1.1291
8596	1.11129
8597	1.09233
8598	1.07593
8599	1.06549
8600	1.06457
8601	1.07201
8602	1.08401
8603	1.09656
8604	1.10464
8605	1.10443
8606	1.09592
8607	1.08344
8608	1.07044
8609	1.0614
8610	1.06027
8611	1.06707
8612	1.07687
8613	1.08564
8614	1.08897
8615	1.08306
8616	1.06746
8617	1.04664
8618	1.02519
8619	1.00671
8620	0.99567
8621	0.99352
8622	0.99985
8623	1.01319
8624	1.03305
8625	1.05851
8626	1.08757
8627	1.11604
8628	1.1407
8629	1.1584
8630	1.16501
8631	1.16048
8632	1.1466
8633	1.12559
8634	1.09858
8635	1.06782
8636	1.03557
8637	1.00471
8638	0.97713
8639	0.95572
8640	0.94317
8641	0.93922
8642	0.94304
8643	0.95349
8644	0.96973
8645	0.98993
8646	1.01237
8647	1.03448
8648	1.05403
8649	1.06776
8650	1.07368
8651	1.0729
8652	1.06746
8653	1.06045
8654	1.05465
8655	1.05288
8656	1.05396
8657	1.05591
8658	1.0567
8659	1.05331
8660	1.04397
8661	1.02924
8662	1.01154
8663	0.99231
8664	0.97402
8665	0.95863
8666	0.94687
8667	0.93775
8668	0.93118
8669	0.92705
8670	0.92446
8671	0.92443
8672	0.92815
8673	0.93717
8674	0.95211
8675	0.97402
8676	1
8677	1.02419
8678	1.04167
8679	1.04718
8680	1.03678
8681	1.01346
8682	0.98503
8683	0.95932
8684	0.94322
8685	0.94358
8686	0.95946
8687	0.9868
8688	1.02058
8689	1.05672
8690	1.091
8691	1.1209
8692	1.14341
8693	1.15657
8694	1.15848
8695	1.14675
8696	1.12471
8697	1.09721
8698	1.06948
8699	1.04569
8700	1.03037
8701	1.02353
8702	1.02242
8703	1.02527
8704	1.02999
8705	1.03499
8706	1.03874
8707	1.04114
8708	1.04211
8709	1.0405
8710	1.03627
8711	1.0293
8712	1.01993
8713	1.00746
8714	0.99222
8715	0.97494
8716	0.95758
8717	0.94386
8718	0.93746
8719	0.94118
8720	0.95765
8721	0.98374
8722	1.01492
8723	1.04563
8724	1.07128
8725	1.08823
8726	1.09613
8727	1.09703
8728	1.09265
8729	1.08505
8730	1.07503
8731	1.0635
8732	1.0511
8733	1.03742
8734	1.02309
8735	1.00853
8736	0.99504
8737	0.98306
8738	0.97404
8739	0.96942
8740	0.96934
8741	0.97355
8742	0.9814
8743	0.9913
8744	1.00262
8745	1.01414
8746	1.02394
8747	1.02884
8748	1.02665
8749	1.01519
8750	0.99272
8751	0.96404
8752	0.93525
8753	0.91148
8754	0.89885
8755	0.90126
8756	0.91613
8757	0.93843
8758	0.96405
8759	0.9889
8760	1.00882
8761	1.02382
8762	1.03428
8763	1.04089
8764	1.04334
8765	1.04214
8766	1.0372
8767	1.02724
8768	1.01206
8769	0.9914
8770	0.96497
8771	0.9363
8772	0.90947
8773	0.88761
8774	0.8748
8775	0.87269
8776	0.87696
8777	0.8813
8778	0.88025
8779	0.86835
8780	0.84189
8781	0.80533
8782	0.76431
8783	0.72375
8784	0.68933
8785	0.66563
8786	0.65507
8787	0.6591
8788	0.67979
8789	0.71925
8790	0.77606
8791	0.84247
8792	0.90971
8793	0.9681
8794	1.00882
8795	1.02741
8796	1.02856
8797	1.01951
8798	1.00713
8799	0.99868
8800	0.99784
8801	1.0036
8802	1.01414
8803	1.02664
8804	1.03928
8805	1.0507
8806	1.05949
8807	1.0654
8808	1.0682
8809	1.06657
8810	1.06075
8811	1.05158
8812	1.04034
8813	1.0273
8814	1.01376
8815	1.00088
8816	0.98851
8817	0.97752
8818	0.96874
8819	0.96202
8820	0.95817
8821	0.95789
8822	0.96091
8823	0.96794
8824	0.97964
8825	0.99304
8826	1.00141
8827	0.99751
8828	0.97309
8829	0.92098
8830	0.84151
8831	0.74855
8832	0.65648
8833	0.58053
8834	0.53575
8835	0.52713
8836	0.54486
8837	0.57772
8838	0.61388
8839	0.64216
8840	0.65767
8841	0.66453
8842	0.66837
8843	0.67487
8844	0.68892
8845	0.71274
8846	0.74352
8847	0.7773
8848	0.81084
8849	0.84098
8850	0.86535
8851	0.88474
8852	0.90015
8853	0.91165
8854	0.92024
8855	0.9264
8856	0.93066
8857	0.93256
8858	0.93262
8859	0.93136
8860	0.92967
8861	0.93099
8862	0.93891
8863	0.95606
8864	0.98586
8865	1.02598
8866	1.06597
8867	1.09596
8868	1.10607
8869	1.08562
8870	1.0362
